# Input data (1,49,10,1)
2.000000
85.000000
81.000000
81.000000
79.000000
81.000000
82.000000
81.000000
83.000000
84.000000
0.000000
82.000000
81.000000
82.000000
79.000000
81.000000
81.000000
81.000000
83.000000
84.000000
0.000000
85.000000
83.000000
84.000000
79.000000
81.000000
81.000000
80.000000
82.000000
81.000000
0.000000
85.000000
83.000000
82.000000
82.000000
81.000000
80.000000
81.000000
82.000000
79.000000
0.000000
83.000000
83.000000
85.000000
81.000000
83.000000
81.000000
80.000000
80.000000
82.000000
1.000000
83.000000
80.000000
83.000000
81.000000
81.000000
82.000000
81.000000
82.000000
83.000000
1.000000
81.000000
81.000000
82.000000
80.000000
82.000000
81.000000
82.000000
83.000000
83.000000
23.000000
72.000000
83.000000
81.000000
74.000000
80.000000
83.000000
82.000000
85.000000
81.000000
34.000000
65.000000
83.000000
81.000000
78.000000
82.000000
81.000000
83.000000
86.000000
83.000000
43.000000
67.000000
87.000000
83.000000
76.000000
79.000000
78.000000
80.000000
83.000000
84.000000
39.000000
75.000000
89.000000
79.000000
76.000000
77.000000
78.000000
81.000000
83.000000
84.000000
36.000000
75.000000
92.000000
76.000000
75.000000
77.000000
78.000000
81.000000
84.000000
85.000000
33.000000
73.000000
93.000000
75.000000
76.000000
78.000000
76.000000
80.000000
84.000000
86.000000
36.000000
76.000000
91.000000
76.000000
77.000000
78.000000
77.000000
80.000000
84.000000
85.000000
83.000000
71.000000
84.000000
80.000000
81.000000
83.000000
81.000000
84.000000
87.000000
85.000000
113.000000
87.000000
81.000000
79.000000
79.000000
80.000000
80.000000
82.000000
83.000000
80.000000
112.000000
85.000000
76.000000
76.000000
80.000000
81.000000
79.000000
84.000000
84.000000
79.000000
111.000000
85.000000
76.000000
76.000000
81.000000
82.000000
80.000000
84.000000
84.000000
80.000000
110.000000
85.000000
74.000000
77.000000
81.000000
83.000000
79.000000
82.000000
84.000000
80.000000
108.000000
87.000000
74.000000
77.000000
80.000000
84.000000
79.000000
82.000000
82.000000
81.000000
106.000000
88.000000
74.000000
79.000000
79.000000
84.000000
79.000000
82.000000
81.000000
82.000000
104.000000
87.000000
76.000000
80.000000
79.000000
85.000000
79.000000
82.000000
81.000000
82.000000
95.000000
89.000000
77.000000
80.000000
79.000000
84.000000
80.000000
81.000000
82.000000
82.000000
79.000000
90.000000
81.000000
82.000000
79.000000
84.000000
79.000000
82.000000
82.000000
80.000000
67.000000
87.000000
81.000000
79.000000
77.000000
83.000000
80.000000
83.000000
81.000000
80.000000
57.000000
89.000000
80.000000
77.000000
75.000000
82.000000
80.000000
83.000000
82.000000
82.000000
50.000000
91.000000
78.000000
78.000000
77.000000
81.000000
79.000000
82.000000
82.000000
82.000000
39.000000
89.000000
76.000000
77.000000
78.000000
83.000000
79.000000
82.000000
83.000000
80.000000
47.000000
81.000000
78.000000
77.000000
76.000000
84.000000
77.000000
82.000000
84.000000
81.000000
56.000000
72.000000
80.000000
82.000000
81.000000
86.000000
79.000000
83.000000
83.000000
81.000000
63.000000
71.000000
81.000000
82.000000
80.000000
85.000000
81.000000
83.000000
81.000000
81.000000
67.000000
70.000000
77.000000
81.000000
78.000000
83.000000
81.000000
83.000000
84.000000
82.000000
68.000000
71.000000
76.000000
84.000000
79.000000
84.000000
82.000000
82.000000
81.000000
80.000000
65.000000
75.000000
79.000000
84.000000
80.000000
83.000000
80.000000
81.000000
82.000000
82.000000
50.000000
76.000000
75.000000
82.000000
79.000000
82.000000
79.000000
80.000000
82.000000
81.000000
45.000000
78.000000
76.000000
81.000000
78.000000
84.000000
79.000000
83.000000
83.000000
80.000000
43.000000
79.000000
74.000000
78.000000
78.000000
86.000000
80.000000
84.000000
81.000000
79.000000
40.000000
80.000000
74.000000
80.000000
77.000000
85.000000
80.000000
83.000000
82.000000
80.000000
35.000000
82.000000
75.000000
79.000000
80.000000
85.000000
80.000000
81.000000
82.000000
81.000000
35.000000
83.000000
73.000000
78.000000
79.000000
87.000000
80.000000
83.000000
82.000000
80.000000
34.000000
84.000000
72.000000
78.000000
78.000000
85.000000
79.000000
82.000000
82.000000
79.000000
33.000000
84.000000
70.000000
77.000000
77.000000
84.000000
80.000000
84.000000
83.000000
79.000000
33.000000
87.000000
73.000000
77.000000
75.000000
79.000000
79.000000
84.000000
81.000000
79.000000
36.000000
89.000000
75.000000
81.000000
75.000000
78.000000
79.000000
82.000000
82.000000
81.000000
34.000000
91.000000
75.000000
79.000000
74.000000
78.000000
79.000000
82.000000
84.000000
82.000000
29.000000
88.000000
76.000000
78.000000
75.000000
81.000000
81.000000
81.000000
82.000000
81.000000
25.000000
88.000000
77.000000
80.000000
76.000000
80.000000
80.000000
79.000000
80.000000
83.000000
25.000000
92.000000
78.000000
79.000000
75.000000
78.000000
79.000000
79.000000
82.000000
82.000000
23.000000
94.000000
81.000000
77.000000
75.000000
76.000000
80.000000
81.000000
81.000000
82.000000
