# Input data (3,32,32)
72
67
66
67
64
69
73
75
80
96
97
89
75
75
69
63
60
60
62
95
92
84
80
83
84
87
94
93
91
62
0
0
92
65
48
42
41
49
66
81
92
111
107
108
100
96
99
98
94
95
96
72
88
88
84
88
94
99
96
83
72
46
0
0
48
40
33
46
61
77
89
108
118
105
101
96
94
91
88
83
79
80
78
88
105
102
91
92
95
86
56
28
31
39
0
0
88
117
90
81
97
100
110
128
120
105
109
88
74
73
73
76
83
91
90
115
111
89
70
60
40
20
11
7
22
26
0
0
92
120
102
86
95
125
150
146
131
118
131
142
118
94
87
92
98
105
112
85
66
39
21
16
8
6
9
9
12
28
0
0
75
89
78
59
82
165
199
196
163
123
140
148
153
146
135
125
112
100
91
40
15
19
27
24
11
10
8
6
9
29
0
0
86
97
101
79
84
151
147
188
189
144
167
145
143
153
154
151
145
130
100
89
27
41
42
24
10
8
7
5
8
32
0
0
116
116
115
105
95
132
119
171
192
172
177
166
146
147
144
141
149
152
149
143
77
53
47
13
9
9
8
7
9
52
0
0
131
121
118
115
103
108
143
162
159
173
180
168
151
149
146
143
146
147
144
143
131
56
50
30
11
9
17
14
6
57
0
0
125
124
126
117
114
107
109
122
152
172
177
168
152
154
149
146
144
144
145
150
154
90
39
61
38
17
72
72
76
57
47
0
124
131
136
130
131
146
146
152
152
163
147
139
133
125
162
164
158
155
156
164
174
146
135
51
40
69
52
89
128
89
59
0
42
69
87
117
141
153
163
163
157
149
106
146
144
94
125
151
137
150
166
173
139
122
129
102
30
52
78
75
119
118
81
0
7
11
13
30
46
46
56
63
62
73
169
215
188
104
84
96
90
97
120
144
148
133
111
116
48
33
64
54
107
121
102
0
9
9
7
12
35
33
26
45
64
92
124
179
163
108
95
92
89
103
127
141
146
141
122
92
50
34
36
22
80
121
130
0
9
15
13
10
25
36
52
71
92
93
61
96
107
93
88
73
54
67
105
144
132
132
124
90
59
57
55
52
71
124
144
0
16
15
9
8
6
16
54
42
39
49
45
53
60
59
70
84
77
44
41
123
131
134
122
69
40
40
46
54
88
134
156
0
19
5
1
6
7
25
46
18
15
31
39
60
63
73
117
164
157
86
34
123
128
138
88
20
23
20
25
27
65
146
144
0
19
29
14
13
16
36
28
6
8
15
19
39
64
76
93
120
120
62
33
110
129
141
59
12
26
12
13
22
37
103
102
0
28
68
66
62
48
37
14
4
6
9
25
23
31
55
69
62
56
42
47
105
127
142
79
42
26
11
30
30
16
66
130
0
44
62
113
133
118
70
35
15
10
12
36
43
36
20
25
29
26
27
41
94
127
144
144
68
49
52
27
43
59
63
172
0
42
23
96
96
174
189
146
107
61
35
53
50
31
24
15
7
4
8
12
31
74
132
150
49
38
138
124
77
120
190
189
0
53
29
9
101
190
179
183
178
104
50
35
45
34
31
45
52
38
23
26
32
77
141
149
36
54
154
145
133
205
218
182
0
33
29
18
138
165
79
139
200
97
28
35
41
62
55
109
150
121
98
80
63
131
159
118
23
42
72
87
172
217
186
183
0
26
31
70
174
101
41
113
193
88
24
37
56
75
75
107
145
144
155
145
155
180
143
70
31
17
31
131
212
167
135
160
0
24
31
117
154
48
59
134
156
65
33
42
85
95
129
163
175
157
148
184
211
94
79
66
43
6
31
160
178
142
106
156
0
19
36
117
118
33
54
83
85
59
58
64
94
124
186
192
160
132
144
186
134
66
41
44
29
6
41
137
116
122
112
128
0
22
45
72
54
15
35
38
49
75
81
84
89
123
162
106
85
112
171
176
95
48
48
67
52
26
37
84
104
117
114
103
0
18
42
44
19
17
17
27
57
87
89
85
67
71
98
77
79
153
212
145
92
48
73
106
92
71
39
50
130
128
112
96
0
10
18
12
12
24
10
10
35
72
81
79
41
26
56
72
89
186
192
124
92
34
84
122
113
73
33
63
125
122
117
83
0
4
5
0
12
23
10
6
14
41
68
68
23
15
28
45
86
182
182
163
118
111
47
65
119
103
45
30
78
114
111
0
0
0
7
13
5
8
13
17
19
10
18
41
20
16
12
13
33
66
93
87
95
110
0
0
0
0
0
0
0
0
0
0
0
0
0
0
0
0
0
0
0
0
0
0
0
0
0
0
0
0
0
0
0
0
0
0
0
0
0
0
0
0
0
0
0
69
67
64
61
54
56
63
67
69
85
81
76
68
68
62
56
52
54
58
91
88
81
76
77
78
83
90
87
82
55
0
0
86
65
47
36
32
36
50
67
81
106
102
95
89
89
92
91
87
89
93
68
84
84
79
82
88
96
94
80
65
41
0
0
48
48
29
35
56
79
95
102
106
110
107
94
86
84
81
76
72
74
74
83
100
98
86
85
89
83
56
28
26
40
0
0
94
133
93
75
94
99
110
119
112
110
130
98
74
68
68
71
78
86
86
109
105
88
71
57
37
20
14
10
24
32
0
0
100
141
119
93
87
92
101
113
129
137
175
169
141
112
102
101
103
107
109
84
61
37
22
15
7
8
13
14
18
33
0
0
72
95
93
86
72
73
74
88
127
165
187
190
198
184
170
153
134
117
98
52
15
14
22
22
11
12
11
10
15
35
0
0
88
108
118
111
71
54
49
59
102
178
204
193
198
199
198
192
184
166
126
118
38
40
35
22
9
9
10
9
14
37
0
0
142
156
157
141
75
44
42
54
97
184
214
212
201
199
195
193
200
203
195
188
103
60
43
11
9
11
12
11
14
56
0
0
175
180
177
171
113
40
45
63
111
194
219
208
200
200
199
197
201
203
200
188
168
71
50
30
12
12
22
19
10
56
0
0
170
179
179
185
178
122
79
99
169
213
212
207
199
204
200
199
198
199
199
201
195
113
44
60
37
17
80
80
89
65
42
0
159
169
178
182
187
192
182
188
188
204
167
157
154
157
205
211
206
202
200
208
217
187
161
62
39
65
49
99
148
102
59
0
55
86
104
139
162
169
181
187
183
172
105
143
137
97
149
191
188
201
209
211
186
161
156
114
28
48
75
84
139
138
89
0
11
15
16
31
47
47
57
65
62
71
157
200
169
87
87
135
154
165
175
188
199
176
140
129
45
28
61
61
127
152
124
0
13
14
13
16
37
31
20
37
54
80
105
155
132
86
100
131
147
155
170
189
202
194
154
104
46
29
32
28
99
152
165
0
13
21
21
17
28
34
43
57
77
76
42
71
74
75
99
100
84
84
124
186
185
187
163
106
55
51
51
56
92
166
188
0
19
21
18
16
10
16
49
34
28
35
34
34
33
42
66
81
75
44
52
159
185
186
154
82
37
34
43
57
105
178
204
0
22
13
13
14
12
30
49
21
13
24
35
47
41
48
93
138
139
83
45
156
185
187
105
22
21
15
21
27
74
183
186
0
22
24
11
13
15
41
41
19
16
18
18
28
44
49
61
89
96
51
35
139
185
187
74
13
25
11
12
21
40
129
130
0
28
39
34
34
23
26
22
16
16
16
22
18
24
38
43
34
31
21
38
130
179
184
92
42
27
13
33
29
13
75
142
0
35
30
68
68
50
22
12
7
8
10
28
40
38
20
21
23
19
19
36
115
174
181
181
76
42
40
18
33
41
38
139
0
26
7
50
50
80
90
66
49
31
22
36
38
24
22
15
9
9
15
19
33
85
174
182
54
16
85
71
26
59
124
139
0
42
34
5
49
94
88
98
104
65
34
19
28
16
14
16
16
16
12
18
23
98
183
174
39
24
78
70
48
110
119
122
0
32
32
14
67
80
27
78
129
58
15
19
21
37
28
58
73
56
44
44
48
167
195
127
20
27
33
37
77
119
91
118
0
22
26
40
85
38
11
57
121
53
15
22
28
40
39
56
59
56
68
113
164
189
153
60
17
19
19
62
103
73
66
89
0
15
29
51
73
21
25
64
87
34
20
20
32
29
53
81
76
67
74
169
218
74
67
47
27
18
19
73
85
62
50
82
0
18
26
51
61
27
37
38
37
26
28
23
30
39
80
95
73
59
100
176
121
44
27
27
21
15
18
72
63
60
47
64
0
21
24
26
25
16
34
22
16
28
32
33
41
58
76
41
42
58
142
150
60
31
35
46
36
18
14
48
58
62
57
55
0
16
22
24
13
13
15
22
29
31
36
43
38
38
51
46
54
90
176
99
45
31
53
72
57
44
29
29
62
73
75
58
0
11
12
19
14
13
11
13
21
30
35
44
25
15
39
54
48
94
134
65
42
18
57
75
64
45
26
39
68
69
76
41
0
14
12
17
16
13
16
17
16
26
34
35
18
12
23
33
41
97
97
95
59
65
29
40
76
61
25
23
51
66
61
0
0
0
11
14
12
13
9
15
21
11
17
28
13
15
12
12
26
38
46
46
54
72
0
0
0
0
0
0
0
0
0
0
0
0
0
0
0
0
0
0
0
0
0
0
0
0
0
0
0
0
0
0
0
0
0
0
0
0
0
0
0
0
0
0
0
64
62
60
58
52
55
59
61
66
78
77
72
61
61
55
49
46
46
48
77
74
67
61
62
63
68
76
74
73
50
0
0
86
61
43
36
32
38
52
66
75
97
94
96
87
81
84
83
79
79
79
56
72
72
67
69
77
86
85
73
59
36
0
0
33
22
15
32
50
71
86
100
106
87
84
83
79
74
71
66
62
64
62
73
90
88
76
76
82
79
54
26
21
34
0
0
60
78
58
57
74
79
90
110
103
87
78
60
52
53
54
58
66
75
77
103
96
80
66
54
37
22
17
13
20
25
0
0
62
74
66
57
56
69
82
92
96
87
85
87
78
57
59
72
86
99
106
79
61
39
25
19
12
15
21
21
16
28
0
0
43
43
39
37
39
61
62
58
83
98
88
89
106
90
90
91
87
86
87
36
19
22
29
29
18
21
23
20
15
31
0
0
53
54
60
58
43
51
40
36
74
121
111
91
97
93
98
100
98
93
81
72
25
35
34
28
17
18
21
19
16
36
0
0
83
76
74
74
45
46
43
43
76
131
114
105
96
95
92
90
98
103
110
113
61
38
33
12
13
16
17
18
18
57
0
0
99
84
74
78
57
29
47
47
68
119
119
107
99
102
102
102
109
107
102
113
107
44
44
27
10
11
21
21
15
66
0
0
95
89
81
82
88
64
47
55
92
116
129
128
105
99
101
109
116
121
121
121
125
79
35
51
28
11
61
61
57
36
53
0
95
97
104
104
105
113
109
115
115
119
106
105
110
95
120
124
123
127
140
150
156
138
127
37
27
54
40
63
80
59
48
0
36
58
71
105
125
128
135
136
136
120
77
118
124
80
115
146
135
149
162
159
162
157
136
84
19
38
67
53
77
81
51
0
16
20
17
27
39
37
47
53
50
53
139
188
170
98
101
146
156
155
149
149
178
167
131
116
42
22
55
39
74
84
61
0
17
19
15
14
34
28
16
32
48
69
96
152
144
112
140
178
189
183
178
171
146
141
144
118
51
26
30
14
56
84
84
0
17
27
24
19
31
36
46
60
78
72
37
69
85
97
131
141
128
121
148
175
98
108
142
122
64
48
50
48
55
90
100
0
23
29
24
21
15
20
53
37
33
36
27
26
34
47
70
86
84
54
53
118
84
104
130
93
46
35
43
51
75
103
125
0
26
22
20
19
15
31
48
19
19
29
31
39
35
44
85
124
125
77
29
91
82
103
85
35
28
21
25
25
57
121
130
0
26
31
14
15
18
43
41
15
20
25
21
26
40
47
59
78
84
50
26
79
85
102
49
17
30
18
20
25
34
92
97
0
28
46
28
32
25
30
30
18
20
23
24
18
21
40
44
27
23
23
32
76
84
101
60
35
22
16
39
31
9
56
115
0
32
39
59
53
41
18
17
16
16
15
31
42
38
24
26
23
18
25
34
66
86
106
106
50
32
26
13
30
29
21
99
0
29
13
36
36
47
59
41
32
32
28
39
41
27
26
19
12
11
19
28
33
44
94
117
38
12
67
58
15
32
84
86
0
45
36
5
29
52
51
60
65
50
37
25
33
23
20
17
12
12
11
24
21
42
102
121
31
25
67
61
30
70
71
72
0
33
33
8
43
53
17
51
86
41
21
25
27
42
32
48
54
46
36
35
28
85
112
93
23
30
34
32
47
70
53
70
0
23
27
32
62
31
19
45
89
44
24
28
32
39
31
34
40
46
49
70
107
130
97
45
25
24
19
46
71
43
38
50
0
17
25
42
56
23
30
47
66
31
25
23
37
26
38
55
54
44
32
101
157
57
44
41
34
25
19
44
55
55
38
51
0
22
27
47
51
28
38
27
27
26
33
29
32
31
61
70
51
26
39
105
81
42
23
22
19
22
21
43
36
59
44
45
0
28
35
29
25
18
36
25
20
34
38
38
38
47
58
26
27
26
79
98
42
31
38
39
30
24
18
38
41
51
52
44
0
26
36
26
19
21
22
32
41
42
40
42
34
34
45
41
45
62
115
62
38
31
57
62
50
50
29
38
61
51
62
47
0
23
20
12
21
30
19
17
27
39
37
40
27
21
47
59
43
67
77
32
33
14
54
63
54
45
26
38
61
55
66
34
0
25
15
4
21
32
21
12
12
30
36
33
27
21
29
36
34
70
70
61
37
53
25
38
66
50
24
23
44
55
52
0
0
0
17
18
11
16
16
18
20
11
20
33
20
25
21
16
29
36
34
35
46
62
0
0
0
0
0
0
0
0
0
0
0
0
0
0
0
0
0
0
0
0
0
0
0
0
0
0
0
0
0
0
0
0
0
0
0
0
0
0
0
0
0
0
0
