# tcn.network.2.conv1.conv (shape [17, 32]),
0,
0,
0,
0,
0,
0,
0,
0,
0,
0,
0,
0,
0,
0,
0,
0,
0,
0,
0,
0,
0,
0,
0,
0,
0,
0,
0,
0,
0,
0,
0,
0,
0,
0,
0,
0,
18,
0,
0,
0,
0,
0,
0,
0,
0,
0,
0,
0,
0,
0,
0,
0,
0,
0,
0,
0,
0,
0,
0,
0,
0,
0,
0,
0,
0,
0,
0,
0,
0,
0,
0,
0,
0,
0,
0,
0,
0,
0,
0,
0,
0,
0,
0,
0,
0,
0,
0,
0,
0,
0,
0,
0,
0,
0,
0,
0,
86,
116,
116,
75,
0,
6,
24,
27,
64,
46,
61,
68,
41,
57,
65,
74,
75,
78,
42,
53,
66,
69,
63,
64,
71,
76,
70,
50,
59,
56,
54,
55,
29,
0,
0,
0,
0,
0,
0,
0,
0,
0,
0,
0,
0,
0,
0,
0,
0,
0,
0,
0,
0,
0,
0,
0,
0,
0,
0,
0,
0,
0,
0,
0,
0,
0,
4,
0,
9,
23,
0,
5,
40,
6,
3,
20,
0,
3,
12,
5,
0,
13,
0,
0,
8,
1,
0,
0,
13,
45,
0,
0,
8,
31,
7,
17,
28,
0,
0,
1,
0,
0,
40,
4,
0,
34,
11,
0,
58,
17,
5,
6,
22,
0,
49,
5,
0,
0,
17,
50,
6,
0,
53,
3,
0,
0,
0,
40,
44,
47,
50,
18,
0,
0,
0,
0,
0,
0,
0,
0,
0,
0,
0,
0,
5,
0,
0,
0,
0,
0,
0,
0,
0,
0,
0,
0,
0,
0,
0,
20,
57,
42,
31,
94,
0,
0,
0,
0,
0,
0,
0,
0,
0,
0,
0,
0,
0,
0,
0,
0,
0,
0,
0,
0,
0,
0,
0,
0,
0,
0,
0,
0,
25,
2,
0,
6,
0,
0,
0,
0,
0,
0,
0,
0,
0,
0,
0,
0,
0,
0,
0,
0,
0,
0,
0,
0,
0,
0,
0,
0,
0,
0,
0,
0,
75,
75,
72,
86,
0,
0,
30,
39,
5,
13,
35,
31,
1,
2,
32,
23,
20,
18,
38,
42,
33,
16,
1,
15,
33,
4,
24,
39,
40,
22,
37,
98,
0,
22,
74,
0,
0,
0,
0,
13,
44,
14,
20,
47,
0,
22,
44,
36,
7,
38,
0,
17,
32,
33,
25,
3,
38,
56,
0,
14,
33,
39,
27,
74,
47,
0,
0,
17,
18,
0,
4,
16,
0,
18,
4,
0,
30,
18,
1,
0,
20,
0,
37,
1,
0,
0,
24,
27,
0,
0,
37,
3,
0,
0,
8,
10,
0,
0,
0,
0,
11,
60,
86,
68,
115,
97,
93,
106,
83,
89,
107,
137,
89,
101,
53,
94,
92,
113,
77,
89,
97,
135,
61,
50,
91,
101,
85,
40,
25,
0,
0,
6,
0,
0,
34,
0,
0,
14,
0,
0,
43,
0,
0,
0,
0,
0,
28,
0,
0,
0,
0,
34,
0,
0,
29,
0,
0,
0,
0,
8,
18,
5,
0,
0,
0,
0,
0,
0,
0,
0,
0,
0,
0,
0,
0,
0,
0,
0,
0,
0,
0,
0,
0,
0,
0,
0,
0,
0,
0,
0,
0,
0,
0,
0,
0,
0,
200,
78,
26,
109,
120,
70,
99,
76,
18,
76,
75,
87,
101,
75,
22,
43,
102,
62,
95,
59,
50,
63,
36,
88,
62,
26,
92,
0,
