# tcn.network.4.conv1.conv (shape [18, 32]),
0,
0,
0,
0,
14,
5,
13,
8,
0,
6,
3,
13,
24,
9,
15,
10,
10,
0,
0,
0,
0,
0,
0,
0,
0,
0,
0,
0,
0,
0,
0,
0,
2,
0,
0,
0,
0,
0,
0,
0,
0,
0,
0,
0,
0,
0,
0,
0,
0,
0,
0,
0,
0,
0,
0,
0,
0,
0,
0,
0,
0,
0,
0,
0,
0,
0,
0,
0,
0,
0,
0,
0,
0,
0,
0,
0,
0,
0,
0,
0,
42,
29,
61,
29,
11,
20,
42,
55,
25,
0,
49,
24,
6,
5,
19,
36,
26,
0,
0,
0,
0,
0,
0,
0,
0,
0,
0,
0,
0,
0,
0,
0,
0,
0,
0,
0,
0,
0,
0,
0,
0,
0,
0,
0,
0,
0,
0,
0,
0,
0,
0,
0,
0,
0,
0,
0,
0,
0,
0,
0,
0,
0,
0,
0,
52,
0,
0,
0,
0,
0,
0,
0,
0,
0,
0,
0,
0,
0,
0,
0,
0,
0,
0,
0,
0,
0,
0,
0,
0,
0,
0,
0,
0,
0,
0,
0,
0,
0,
0,
0,
0,
0,
0,
0,
0,
0,
0,
0,
0,
0,
0,
0,
65,
42,
14,
43,
28,
12,
24,
31,
22,
33,
9,
18,
39,
37,
24,
17,
0,
0,
0,
0,
0,
0,
0,
0,
0,
0,
0,
0,
0,
0,
0,
0,
0,
0,
0,
0,
0,
0,
0,
0,
0,
0,
0,
0,
0,
0,
0,
0,
0,
0,
0,
0,
0,
0,
0,
0,
0,
0,
0,
0,
0,
0,
0,
0,
69,
81,
85,
86,
73,
60,
73,
72,
67,
49,
48,
67,
74,
55,
46,
48,
82,
23,
0,
64,
64,
22,
11,
21,
4,
43,
30,
38,
53,
41,
25,
5,
0,
0,
0,
0,
0,
0,
0,
0,
0,
0,
0,
0,
0,
0,
0,
0,
0,
1,
0,
0,
0,
0,
0,
0,
0,
21,
0,
0,
4,
6,
0,
7,
0,
0,
0,
0,
0,
0,
0,
0,
0,
0,
0,
0,
0,
0,
0,
0,
60,
45,
79,
62,
41,
41,
58,
73,
46,
14,
70,
55,
36,
33,
42,
55,
0,
0,
0,
0,
0,
0,
0,
0,
0,
0,
0,
0,
0,
0,
0,
0,
74,
0,
0,
0,
0,
0,
0,
0,
0,
0,
0,
0,
0,
0,
0,
0,
8,
0,
0,
0,
0,
0,
0,
0,
0,
0,
0,
0,
0,
0,
0,
0,
0,
0,
39,
0,
0,
0,
0,
14,
0,
0,
25,
0,
0,
0,
0,
0,
24,
0,
0,
41,
17,
7,
21,
14,
0,
4,
10,
5,
43,
9,
7,
4,
51,
94,
147,
100,
101,
118,
91,
125,
128,
74,
127,
132,
82,
84,
96,
83,
0,
0,
0,
0,
0,
0,
0,
0,
0,
0,
0,
0,
0,
0,
0,
0,
20,
6,
45,
15,
0,
5,
29,
41,
9,
0,
42,
20,
0,
1,
18,
30,
0,
0,
0,
0,
0,
0,
0,
0,
0,
0,
0,
0,
0,
0,
0,
0,
74,
29,
46,
53,
25,
16,
47,
53,
15,
0,
57,
37,
37,
26,
35,
48,
17,
19,
17,
9,
24,
14,
0,
16,
12,
0,
0,
11,
1,
0,
2,
2,
8,
0,
0,
0,
0,
0,
0,
0,
0,
0,
0,
0,
0,
0,
0,
0,
0,
0,
0,
0,
0,
0,
0,
0,
0,
0,
0,
0,
0,
0,
0,
0,
0,
0,
0,
0,
0,
0,
0,
0,
0,
0,
0,
0,
0,
0,
0,
0,
