# tcn.network.1.conv1.conv (shape [87, 32]),
0,
0,
0,
0,
0,
0,
0,
0,
0,
0,
0,
0,
0,
0,
0,
0,
0,
0,
0,
0,
0,
0,
0,
0,
0,
0,
0,
0,
0,
0,
0,
0,
0,
0,
19,
0,
6,
10,
9,
9,
17,
10,
8,
14,
2,
5,
14,
9,
10,
18,
0,
0,
14,
15,
4,
0,
13,
28,
1,
7,
7,
11,
0,
4,
69,
26,
0,
0,
0,
0,
0,
0,
0,
0,
0,
0,
0,
0,
0,
0,
0,
0,
0,
0,
0,
0,
0,
0,
0,
0,
0,
0,
0,
0,
0,
0,
73,
50,
98,
136,
128,
138,
149,
140,
124,
137,
131,
127,
161,
133,
126,
116,
136,
132,
142,
131,
138,
131,
130,
130,
122,
110,
152,
140,
131,
141,
142,
118,
8,
0,
0,
2,
0,
0,
0,
0,
0,
0,
0,
0,
0,
0,
0,
0,
0,
0,
1,
0,
0,
0,
0,
0,
0,
0,
2,
0,
0,
0,
0,
0,
0,
0,
11,
0,
4,
1,
0,
1,
20,
5,
7,
11,
0,
5,
10,
9,
3,
13,
0,
0,
9,
19,
5,
0,
5,
15,
0,
6,
7,
9,
1,
9,
0,
2,
0,
0,
0,
0,
0,
0,
0,
0,
0,
0,
0,
0,
0,
0,
0,
0,
0,
0,
0,
0,
0,
0,
0,
0,
0,
0,
0,
0,
0,
0,
0,
21,
12,
0,
0,
0,
0,
0,
0,
0,
0,
0,
0,
0,
0,
0,
0,
0,
0,
0,
0,
0,
0,
0,
0,
15,
0,
0,
0,
0,
0,
0,
0,
0,
14,
3,
16,
12,
13,
15,
28,
11,
21,
17,
9,
23,
22,
21,
11,
28,
0,
6,
11,
31,
18,
5,
9,
28,
6,
21,
4,
18,
9,
18,
0,
0,
0,
0,
0,
0,
0,
0,
0,
0,
0,
0,
0,
0,
0,
0,
0,
0,
0,
0,
0,
0,
0,
0,
0,
0,
0,
0,
0,
0,
0,
0,
8,
0,
15,
5,
0,
19,
0,
0,
0,
13,
0,
0,
0,
0,
0,
0,
0,
0,
6,
0,
19,
0,
0,
0,
0,
0,
0,
0,
16,
0,
25,
0,
0,
0,
0,
0,
0,
0,
0,
0,
0,
0,
0,
0,
0,
0,
0,
0,
0,
0,
0,
0,
0,
0,
0,
0,
0,
0,
0,
0,
0,
0,
0,
0,
0,
12,
29,
36,
42,
35,
33,
36,
40,
35,
54,
38,
42,
44,
36,
35,
36,
34,
39,
61,
35,
37,
42,
49,
34,
45,
44,
63,
49,
64,
60,
65,
44,
54,
57,
56,
46,
46,
48,
35,
55,
39,
14,
33,
38,
24,
22,
23,
14,
1,
21,
34,
30,
22,
15,
7,
21,
46,
31,
33,
43,
46,
31,
0,
6,
1,
0,
0,
0,
0,
0,
0,
0,
0,
0,
0,
0,
0,
0,
1,
3,
14,
0,
0,
0,
0,
0,
0,
5,
0,
17,
8,
0,
0,
0,
0,
0,
0,
0,
0,
0,
0,
0,
0,
0,
0,
0,
0,
0,
0,
0,
0,
0,
0,
0,
0,
0,
0,
0,
0,
0,
0,
0,
0,
0,
0,
0,
17,
0,
0,
0,
0,
0,
0,
0,
0,
0,
0,
0,
0,
0,
0,
0,
0,
0,
0,
0,
0,
0,
0,
0,
0,
0,
0,
0,
0,
0,
0,
0,
0,
0,
0,
0,
0,
0,
0,
0,
0,
0,
0,
0,
0,
0,
0,
0,
0,
0,
0,
0,
0,
0,
0,
0,
0,
0,
0,
0,
0,
0,
0,
0,
0,
0,
0,
0,
0,
0,
0,
0,
0,
0,
0,
0,
0,
0,
0,
0,
0,
0,
0,
0,
0,
0,
0,
0,
0,
0,
0,
0,
0,
0,
0,
0,
0,
0,
0,
9,
0,
10,
5,
3,
6,
21,
11,
18,
18,
9,
15,
20,
13,
15,
28,
0,
6,
10,
22,
9,
6,
14,
27,
7,
17,
3,
11,
0,
15,
0,
0,
0,
0,
0,
0,
0,
0,
0,
0,
0,
0,
0,
0,
0,
0,
0,
0,
0,
0,
0,
0,
0,
0,
0,
0,
0,
0,
0,
0,
0,
0,
32,
0,
0,
0,
0,
0,
0,
0,
0,
0,
0,
0,
0,
0,
0,
0,
0,
0,
0,
0,
0,
0,
0,
0,
0,
0,
0,
0,
0,
0,
0,
0,
0,
0,
0,
0,
0,
0,
0,
0,
0,
0,
0,
0,
0,
0,
0,
0,
0,
0,
0,
0,
0,
0,
0,
0,
0,
0,
0,
0,
0,
0,
0,
0,
0,
0,
0,
0,
0,
0,
0,
0,
0,
0,
0,
0,
0,
0,
0,
0,
0,
0,
0,
0,
0,
0,
0,
0,
0,
0,
0,
0,
0,
0,
0,
0,
66,
19,
17,
24,
0,
25,
21,
15,
0,
4,
0,
4,
19,
0,
18,
0,
4,
0,
20,
0,
9,
0,
7,
20,
0,
0,
16,
0,
1,
0,
3,
0,
2,
0,
0,
0,
0,
0,
0,
0,
0,
0,
0,
0,
0,
0,
0,
0,
0,
0,
0,
0,
0,
0,
0,
0,
0,
0,
0,
0,
0,
0,
0,
0,
8,
0,
0,
11,
0,
0,
7,
0,
0,
0,
0,
0,
6,
0,
0,
0,
0,
0,
3,
0,
0,
0,
0,
10,
0,
0,
5,
0,
0,
0,
4,
0,
0,
0,
15,
0,
8,
9,
0,
7,
22,
19,
20,
21,
1,
9,
19,
16,
14,
25,
0,
11,
14,
24,
11,
6,
17,
30,
4,
18,
10,
23,
7,
14,
0,
9,
34,
18,
45,
38,
5,
19,
55,
31,
52,
56,
7,
39,
37,
35,
24,
46,
14,
41,
26,
43,
31,
30,
35,
53,
0,
48,
29,
55,
30,
31,
15,
10,
0,
0,
0,
0,
0,
0,
0,
0,
0,
0,
0,
0,
0,
0,
0,
0,
0,
0,
0,
0,
0,
0,
0,
0,
0,
0,
0,
0,
0,
2,
6,
0,
0,
0,
0,
0,
0,
0,
0,
0,
0,
0,
0,
0,
0,
0,
0,
0,
0,
0,
0,
0,
0,
0,
0,
0,
0,
0,
0,
0,
0,
0,
13,
0,
0,
0,
0,
0,
0,
0,
0,
0,
0,
0,
0,
0,
0,
0,
0,
0,
0,
0,
0,
0,
0,
0,
0,
0,
0,
0,
0,
0,
0,
0,
0,
0,
0,
0,
0,
0,
0,
0,
0,
0,
0,
0,
0,
0,
0,
0,
0,
0,
0,
0,
0,
0,
0,
0,
0,
0,
0,
0,
0,
0,
0,
0,
0,
0,
0,
5,
0,
0,
0,
0,
0,
0,
0,
0,
0,
0,
0,
0,
0,
0,
0,
0,
0,
0,
0,
0,
0,
0,
0,
0,
0,
0,
4,
41,
3,
48,
103,
116,
138,
133,
113,
123,
127,
116,
126,
159,
122,
136,
110,
113,
104,
132,
107,
133,
134,
139,
114,
97,
114,
135,
82,
130,
115,
147,
123,
83,
0,
0,
0,
0,
0,
0,
0,
0,
0,
0,
0,
0,
0,
0,
0,
0,
0,
0,
0,
0,
0,
0,
0,
0,
0,
0,
0,
0,
0,
0,
0,
0,
13,
0,
8,
0,
0,
0,
0,
0,
0,
0,
0,
0,
0,
0,
0,
0,
0,
0,
0,
0,
0,
0,
0,
0,
0,
0,
0,
0,
0,
0,
0,
0,
22,
20,
0,
0,
0,
0,
0,
0,
0,
0,
0,
0,
0,
0,
0,
0,
0,
0,
0,
0,
0,
0,
0,
0,
0,
0,
0,
0,
0,
0,
0,
0,
13,
9,
0,
0,
0,
0,
0,
0,
0,
0,
0,
0,
0,
0,
0,
0,
0,
0,
0,
0,
0,
0,
0,
0,
0,
0,
0,
0,
0,
0,
0,
11,
0,
0,
15,
0,
14,
10,
5,
7,
21,
8,
14,
18,
1,
12,
17,
13,
13,
22,
0,
1,
10,
16,
9,
0,
15,
27,
1,
8,
0,
7,
0,
7,
87,
40,
0,
0,
0,
0,
0,
0,
0,
0,
0,
0,
0,
0,
0,
0,
0,
0,
0,
0,
0,
0,
0,
0,
0,
0,
0,
0,
0,
0,
0,
0,
0,
24,
44,
27,
42,
35,
41,
37,
50,
40,
45,
54,
38,
44,
40,
37,
40,
50,
33,
43,
43,
50,
36,
33,
49,
67,
40,
48,
35,
48,
34,
32,
0,
30,
55,
81,
98,
118,
103,
106,
107,
102,
102,
104,
91,
83,
99,
96,
110,
103,
111,
85,
108,
89,
97,
96,
110,
103,
101,
101,
103,
90,
70,
86,
0,
33,
0,
0,
0,
0,
0,
0,
0,
0,
0,
0,
0,
0,
0,
0,
0,
0,
0,
0,
0,
0,
0,
0,
0,
0,
0,
0,
0,
0,
0,
0,
0,
0,
0,
0,
0,
0,
0,
0,
0,
0,
0,
0,
0,
0,
0,
0,
0,
0,
0,
0,
0,
0,
0,
0,
0,
0,
0,
0,
0,
0,
0,
0,
39,
6,
0,
0,
0,
0,
0,
0,
0,
0,
0,
0,
0,
0,
0,
0,
0,
0,
0,
0,
0,
0,
0,
0,
0,
0,
0,
0,
0,
0,
0,
0,
0,
2,
0,
0,
0,
0,
0,
0,
0,
0,
0,
0,
0,
0,
0,
0,
0,
0,
0,
0,
0,
0,
0,
0,
0,
0,
0,
0,
0,
0,
0,
0,
35,
72,
105,
159,
179,
159,
156,
157,
181,
159,
188,
171,
170,
176,
156,
158,
152,
154,
155,
176,
157,
183,
168,
160,
152,
159,
147,
190,
161,
183,
169,
142,
0,
15,
31,
47,
43,
35,
52,
40,
39,
44,
58,
60,
53,
48,
42,
47,
55,
56,
62,
50,
38,
37,
46,
45,
61,
56,
73,
75,
43,
46,
21,
59,
0,
0,
0,
0,
0,
0,
0,
0,
0,
0,
0,
0,
0,
0,
0,
0,
0,
0,
0,
0,
0,
0,
0,
0,
0,
0,
0,
0,
0,
0,
0,
0,
19,
0,
0,
0,
0,
0,
0,
0,
0,
5,
0,
0,
0,
0,
0,
0,
0,
0,
5,
0,
0,
0,
0,
0,
0,
0,
2,
0,
3,
0,
0,
0,
0,
0,
0,
0,
0,
0,
0,
0,
0,
0,
0,
0,
0,
0,
0,
0,
0,
0,
0,
0,
0,
0,
0,
0,
0,
0,
0,
0,
0,
0,
0,
0,
2,
0,
0,
0,
0,
0,
0,
0,
0,
0,
0,
0,
0,
0,
0,
0,
0,
0,
0,
0,
0,
0,
0,
0,
0,
0,
0,
0,
0,
0,
0,
0,
22,
0,
0,
0,
0,
0,
0,
0,
0,
0,
0,
0,
0,
0,
0,
0,
0,
0,
0,
0,
0,
0,
0,
0,
0,
0,
0,
0,
0,
0,
0,
0,
24,
62,
94,
127,
125,
90,
111,
97,
118,
98,
153,
129,
126,
125,
88,
103,
110,
113,
102,
123,
98,
127,
110,
107,
102,
133,
110,
152,
87,
127,
96,
67,
19,
70,
92,
67,
100,
112,
106,
101,
111,
96,
100,
117,
92,
91,
93,
92,
94,
101,
81,
95,
105,
102,
91,
88,
107,
127,
90,
103,
98,
110,
88,
83,
0,
0,
0,
0,
0,
0,
0,
0,
0,
0,
0,
0,
0,
0,
0,
0,
0,
0,
0,
0,
0,
0,
0,
0,
0,
0,
0,
0,
0,
0,
0,
0,
48,
88,
155,
178,
176,
169,
179,
174,
183,
160,
192,
186,
183,
173,
154,
158,
151,
153,
141,
168,
166,
172,
154,
162,
183,
204,
173,
195,
148,
170,
149,
80,
0,
0,
0,
0,
0,
0,
0,
0,
0,
0,
0,
0,
0,
0,
0,
0,
0,
0,
0,
0,
0,
0,
0,
0,
0,
0,
0,
0,
0,
0,
0,
0,
0,
0,
6,
0,
0,
1,
0,
0,
5,
0,
0,
1,
0,
0,
1,
0,
0,
0,
0,
0,
0,
1,
0,
0,
0,
13,
0,
0,
0,
0,
0,
0,
0,
0,
0,
0,
0,
0,
0,
0,
0,
0,
0,
0,
0,
0,
0,
0,
0,
0,
0,
0,
0,
0,
0,
0,
0,
0,
0,
0,
0,
0,
0,
0,
49,
61,
92,
53,
57,
91,
81,
51,
59,
57,
53,
87,
66,
36,
63,
62,
56,
52,
45,
57,
82,
53,
42,
57,
55,
76,
43,
19,
66,
57,
55,
0,
0,
0,
0,
0,
0,
0,
0,
0,
0,
0,
0,
0,
0,
0,
0,
0,
0,
0,
0,
0,
0,
0,
0,
0,
0,
0,
0,
0,
0,
0,
0,
0,
12,
0,
0,
0,
0,
0,
0,
0,
0,
0,
0,
0,
0,
0,
0,
0,
0,
0,
0,
0,
0,
0,
0,
0,
0,
0,
0,
0,
0,
0,
0,
0,
0,
0,
0,
14,
0,
0,
0,
0,
0,
0,
0,
0,
5,
0,
0,
0,
0,
0,
5,
0,
0,
0,
0,
0,
0,
0,
7,
0,
0,
0,
0,
0,
0,
25,
21,
0,
0,
0,
0,
0,
0,
0,
0,
0,
0,
0,
0,
0,
0,
0,
0,
0,
0,
0,
0,
0,
0,
0,
0,
0,
0,
0,
0,
0,
32,
59,
40,
40,
56,
44,
37,
44,
71,
52,
59,
50,
37,
40,
43,
51,
44,
47,
39,
52,
60,
61,
52,
46,
58,
62,
39,
58,
69,
69,
59,
65,
28,
9,
0,
0,
0,
0,
0,
0,
0,
0,
0,
0,
0,
0,
0,
0,
0,
0,
0,
0,
0,
0,
0,
0,
0,
0,
0,
0,
0,
0,
0,
0,
0,
0,
45,
7,
18,
0,
0,
0,
18,
10,
38,
23,
0,
1,
4,
16,
5,
21,
0,
10,
2,
6,
0,
0,
0,
11,
0,
0,
0,
21,
5,
0,
0,
0,
0,
0,
0,
0,
0,
0,
0,
0,
0,
0,
0,
0,
0,
0,
0,
0,
0,
0,
0,
0,
0,
0,
0,
0,
0,
0,
0,
0,
0,
0,
0,
28,
43,
20,
39,
47,
46,
41,
51,
42,
43,
52,
37,
39,
45,
40,
43,
47,
34,
37,
50,
41,
38,
36,
52,
64,
38,
37,
43,
43,
27,
36,
0,
0,
27,
0,
0,
3,
0,
0,
0,
0,
0,
0,
0,
0,
0,
0,
0,
0,
1,
3,
10,
0,
0,
0,
0,
13,
0,
0,
9,
6,
12,
3,
0,
0,
0,
0,
0,
0,
0,
0,
0,
0,
0,
0,
0,
0,
0,
0,
0,
0,
0,
0,
0,
0,
0,
0,
0,
0,
0,
0,
0,
0,
0,
0,
0,
10,
15,
0,
8,
6,
0,
0,
21,
10,
15,
18,
0,
4,
12,
13,
6,
16,
0,
0,
11,
19,
6,
0,
13,
29,
0,
8,
0,
14,
0,
10,
8,
19,
0,
0,
0,
0,
0,
0,
0,
0,
0,
0,
0,
0,
0,
0,
0,
0,
0,
0,
0,
0,
0,
0,
0,
0,
0,
0,
0,
0,
0,
1,
3,
0,
0,
27,
7,
3,
13,
10,
0,
5,
0,
0,
17,
4,
4,
0,
5,
0,
21,
0,
0,
0,
6,
16,
0,
0,
16,
0,
0,
0,
8,
0,
0,
0,
0,
0,
0,
0,
0,
0,
0,
0,
0,
0,
0,
0,
0,
0,
0,
0,
0,
0,
0,
0,
0,
0,
0,
0,
0,
0,
0,
0,
0,
0,
0,
11,
38,
26,
39,
40,
43,
53,
55,
38,
44,
50,
39,
49,
37,
38,
36,
41,
31,
41,
46,
57,
32,
32,
51,
67,
40,
57,
37,
53,
37,
42,
0,
24,
52,
14,
38,
49,
47,
31,
24,
28,
46,
49,
20,
8,
15,
19,
26,
10,
11,
27,
43,
21,
21,
31,
39,
47,
21,
12,
14,
25,
32,
27,
0,
0,
0,
0,
0,
0,
0,
0,
0,
0,
0,
0,
0,
0,
0,
0,
0,
0,
0,
0,
0,
0,
0,
0,
0,
0,
0,
0,
0,
0,
0,
0,
13,
0,
0,
32,
18,
16,
24,
26,
0,
22,
8,
7,
35,
21,
16,
4,
16,
0,
31,
14,
8,
9,
22,
28,
13,
0,
31,
6,
7,
5,
20,
22,
9,
0,
0,
0,
7,
27,
17,
7,
0,
2,
0,
5,
11,
1,
20,
7,
18,
0,
16,
0,
12,
0,
0,
7,
23,
0,
15,
0,
6,
0,
0,
25,
33,
10,
14,
47,
33,
26,
37,
30,
7,
23,
23,
20,
42,
29,
16,
8,
22,
1,
31,
0,
0,
10,
20,
19,
22,
7,
44,
13,
1,
2,
12,
1,
7,
0,
0,
0,
0,
0,
0,
0,
0,
0,
0,
0,
0,
0,
0,
0,
0,
0,
0,
0,
0,
0,
0,
0,
0,
0,
0,
0,
0,
0,
0,
30,
70,
39,
23,
51,
29,
31,
34,
30,
8,
23,
4,
18,
42,
16,
19,
9,
28,
3,
43,
13,
16,
15,
19,
19,
26,
2,
45,
23,
26,
10,
24,
11,
27,
56,
98,
53,
68,
108,
90,
77,
89,
79,
82,
94,
65,
59,
69,
81,
67,
67,
55,
92,
83,
72,
64,
62,
76,
101,
55,
73,
99,
99,
88,
50,
40,
27,
4,
0,
0,
0,
4,
0,
0,
0,
0,
0,
0,
0,
0,
0,
13,
0,
11,
0,
0,
0,
0,
0,
0,
0,
5,
0,
5,
0,
0,
0,
