# tcn.network.3.conv1.conv (shape [29, 32]),
0,
36,
87,
0,
24,
52,
20,
37,
131,
68,
100,
142,
12,
57,
96,
101,
56,
105,
32,
72,
124,
102,
74,
46,
111,
146,
56,
93,
117,
101,
74,
105,
0,
0,
0,
0,
0,
0,
0,
0,
0,
0,
0,
0,
0,
0,
0,
0,
0,
0,
0,
0,
0,
0,
0,
0,
0,
0,
0,
0,
0,
0,
0,
0,
16,
1,
0,
0,
0,
0,
0,
0,
0,
0,
6,
0,
45,
47,
4,
27,
46,
10,
20,
27,
0,
20,
35,
24,
18,
4,
17,
0,
2,
0,
21,
0,
0,
0,
0,
0,
0,
0,
0,
0,
0,
0,
0,
0,
0,
0,
0,
0,
0,
0,
0,
0,
0,
0,
0,
0,
0,
0,
0,
0,
0,
0,
0,
0,
0,
0,
0,
0,
0,
0,
0,
0,
0,
0,
0,
0,
0,
0,
0,
0,
0,
0,
0,
0,
0,
0,
0,
0,
0,
0,
0,
0,
0,
0,
0,
0,
31,
11,
0,
16,
0,
6,
0,
6,
30,
128,
147,
104,
186,
208,
178,
186,
181,
141,
175,
212,
150,
152,
159,
170,
140,
165,
140,
199,
186,
172,
162,
135,
0,
0,
0,
0,
0,
0,
0,
0,
35,
10,
25,
41,
0,
9,
23,
25,
0,
18,
0,
1,
25,
22,
16,
0,
7,
51,
0,
5,
33,
37,
11,
18,
20,
0,
0,
0,
0,
0,
0,
0,
0,
0,
0,
0,
0,
0,
0,
0,
0,
0,
0,
0,
0,
0,
0,
0,
0,
0,
0,
0,
0,
0,
0,
0,
0,
0,
0,
0,
0,
0,
0,
0,
0,
0,
0,
0,
0,
0,
0,
0,
0,
0,
0,
0,
0,
0,
0,
0,
0,
0,
0,
0,
0,
0,
0,
0,
0,
0,
0,
0,
0,
0,
0,
0,
0,
0,
0,
0,
0,
0,
0,
0,
10,
0,
6,
0,
0,
0,
0,
0,
0,
0,
0,
0,
0,
0,
0,
0,
60,
0,
0,
12,
0,
0,
0,
0,
0,
66,
65,
6,
54,
72,
53,
39,
59,
8,
70,
55,
4,
15,
58,
63,
0,
12,
52,
73,
61,
36,
62,
39,
0,
0,
0,
0,
0,
0,
0,
0,
0,
0,
0,
0,
0,
0,
0,
0,
0,
0,
0,
0,
0,
0,
0,
0,
0,
0,
0,
0,
0,
0,
0,
0,
25,
0,
0,
0,
0,
0,
0,
0,
0,
0,
0,
0,
0,
0,
0,
0,
0,
0,
0,
0,
0,
0,
0,
0,
0,
0,
0,
0,
0,
0,
0,
0,
0,
0,
0,
0,
0,
0,
0,
0,
0,
0,
0,
0,
0,
0,
0,
0,
0,
0,
0,
0,
0,
0,
0,
0,
0,
0,
0,
0,
0,
0,
0,
0,
0,
0,
0,
0,
0,
0,
0,
0,
0,
0,
0,
0,
0,
0,
0,
0,
0,
0,
0,
0,
0,
0,
0,
0,
0,
0,
0,
0,
0,
0,
0,
0,
0,
0,
0,
0,
0,
0,
0,
0,
32,
22,
33,
40,
0,
16,
29,
29,
9,
27,
0,
6,
34,
25,
19,
0,
19,
47,
0,
17,
32,
37,
11,
22,
2,
0,
0,
0,
14,
4,
3,
7,
0,
0,
0,
0,
0,
0,
0,
0,
0,
0,
0,
0,
0,
0,
0,
0,
0,
0,
0,
0,
0,
0,
0,
0,
0,
0,
0,
0,
0,
0,
0,
0,
0,
0,
0,
0,
0,
0,
0,
0,
0,
0,
0,
0,
0,
0,
0,
0,
0,
0,
0,
0,
0,
0,
0,
0,
0,
13,
23,
0,
45,
34,
16,
39,
0,
0,
0,
0,
0,
0,
0,
0,
0,
0,
0,
0,
0,
0,
0,
0,
0,
0,
0,
0,
0,
0,
0,
7,
25,
0,
0,
0,
0,
0,
0,
0,
0,
0,
0,
0,
0,
0,
0,
0,
0,
0,
0,
0,
0,
0,
0,
0,
0,
0,
0,
0,
0,
0,
0,
0,
64,
55,
54,
31,
59,
83,
59,
75,
0,
0,
0,
0,
0,
0,
0,
0,
0,
0,
0,
0,
0,
0,
0,
0,
0,
0,
0,
0,
0,
0,
0,
0,
0,
0,
0,
0,
0,
0,
0,
0,
0,
0,
0,
0,
0,
0,
0,
0,
0,
0,
0,
0,
0,
0,
0,
0,
0,
0,
0,
0,
0,
0,
0,
0,
0,
0,
0,
0,
0,
0,
0,
0,
23,
4,
5,
15,
0,
0,
0,
1,
0,
0,
0,
0,
1,
4,
0,
0,
0,
19,
0,
0,
0,
11,
0,
0,
0,
9,
25,
0,
18,
28,
15,
10,
0,
0,
13,
0,
0,
0,
0,
0,
1,
0,
0,
22,
0,
0,
0,
0,
0,
16,
0,
7,
12,
41,
28,
0,
0,
31,
48,
22,
1,
7,
15,
0,
38,
19,
24,
40,
24,
25,
22,
37,
9,
17,
6,
0,
19,
38,
8,
0,
41,
26,
31,
0,
12,
0,
0,
0,
0,
0,
0,
0,
0,
0,
0,
0,
0,
0,
0,
0,
0,
0,
0,
0,
0,
0,
0,
0,
0,
0,
0,
0,
0,
0,
0,
0,
0,
0,
0,
0,
110,
180,
218,
178,
199,
213,
199,
200,
166,
158,
193,
223,
189,
169,
183,
196,
159,
181,
180,
204,
213,
196,
169,
172,
197,
222,
183,
198,
219,
194,
182,
124,
0,
0,
0,
0,
0,
0,
0,
0,
0,
0,
0,
0,
0,
0,
0,
0,
0,
0,
0,
0,
0,
0,
0,
0,
0,
0,
0,
0,
0,
0,
0,
0,
0,
0,
0,
0,
0,
0,
0,
0,
0,
4,
0,
0,
16,
6,
0,
0,
14,
0,
26,
0,
0,
0,
9,
22,
0,
0,
25,
6,
0,
0,
0,
24,
