# x_input_quantizer.out_quantizer (shape [524]),
96,
5,
48,
48,
37,
109,
119,
79,
2,
132,
83,
22,
71,
74,
254,
54,
118,
13,
219,
13,
38,
184,
112,
9,
214,
83,
75,
46,
22,
203,
162,
17,
95,
8,
0,
20,
51,
51,
23,
45,
75,
74,
62,
129,
12,
38,
141,
75,
32,
53,
79,
38,
81,
64,
171,
119,
40,
62,
53,
4,
131,
254,
50,
65,
65,
84,
0,
78,
10,
133,
13,
3,
192,
66,
6,
182,
28,
170,
72,
85,
218,
42,
43,
56,
154,
105,
33,
13,
0,
26,
36,
75,
41,
128,
176,
36,
30,
6,
13,
32,
59,
66,
59,
130,
45,
170,
0,
42,
28,
57,
6,
138,
0,
20,
14,
162,
175,
75,
109,
0,
38,
110,
135,
0,
54,
127,
73,
23,
30,
61,
103,
80,
132,
18,
47,
90,
23,
31,
254,
160,
93,
68,
102,
118,
41,
200,
176,
63,
29,
79,
170,
64,
175,
22,
110,
249,
88,
100,
54,
83,
0,
94,
31,
32,
160,
164,
36,
8,
31,
247,
126,
144,
38,
35,
40,
198,
85,
155,
0,
77,
130,
112,
219,
62,
26,
107,
91,
37,
179,
70,
88,
177,
47,
64,
47,
0,
58,
150,
30,
135,
103,
52,
61,
0,
78,
135,
239,
49,
73,
147,
97,
145,
37,
155,
126,
156,
190,
48,
0,
51,
18,
77,
0,
36,
14,
63,
46,
0,
39,
81,
55,
122,
46,
89,
7,
112,
15,
54,
233,
27,
101,
0,
79,
28,
88,
171,
59,
60,
148,
154,
34,
58,
130,
85,
187,
83,
0,
35,
74,
16,
21,
194,
191,
0,
59,
161,
82,
107,
111,
38,
61,
73,
80,
116,
19,
75,
169,
61,
119,
31,
4,
61,
45,
18,
102,
23,
44,
69,
98,
104,
65,
182,
135,
134,
77,
119,
111,
53,
221,
66,
34,
7,
43,
83,
2,
54,
27,
186,
93,
46,
37,
71,
58,
139,
17,
44,
125,
71,
118,
88,
28,
49,
27,
146,
27,
65,
45,
20,
148,
131,
225,
27,
7,
112,
0,
10,
63,
4,
26,
7,
5,
29,
64,
52,
122,
190,
97,
65,
55,
55,
76,
75,
49,
109,
135,
13,
52,
42,
34,
83,
12,
19,
44,
68,
3,
228,
1,
24,
63,
65,
0,
64,
101,
121,
45,
133,
84,
59,
23,
30,
63,
116,
120,
90,
29,
254,
129,
43,
43,
73,
115,
55,
254,
0,
66,
97,
148,
6,
80,
136,
43,
17,
102,
200,
38,
152,
55,
7,
163,
27,
64,
64,
29,
42,
147,
198,
122,
76,
213,
118,
43,
217,
0,
25,
42,
50,
72,
68,
20,
70,
7,
159,
107,
64,
35,
41,
21,
31,
0,
16,
119,
26,
157,
4,
67,
86,
4,
21,
137,
0,
161,
17,
119,
84,
50,
21,
148,
69,
19,
130,
29,
48,
1,
57,
142,
12,
76,
123,
24,
14,
18,
188,
24,
143,
234,
70,
211,
190,
12,
24,
48,
24,
42,
56,
204,
127,
121,
27,
80,
135,
21,
254,
8,
77,
131,
0,
132,
191,
48,
159,
5,
85,
50,
28,
82,
56,
13,
101,
117,
250,
34,
28,
254,
128,
33,
84,
155,
111,
22,
56,
81,
26,
50,
39,
