# Input data (1,640)
-33.029053
-19.889744
-20.852411
-28.113483
-27.432402
-18.137308
-17.775959
-19.179724
-18.784849
-13.215861
-18.184410
-13.434287
-11.559877
-11.586412
-12.670048
-10.652610
-6.520739
-9.261647
-8.533843
-8.786570
-10.039310
-13.969708
-13.733198
-16.879238
-18.803230
-22.182568
-20.678013
-6.990448
-7.391696
-15.375078
-21.588497
-21.301195
-14.860088
-14.807252
-16.281652
-9.639326
-10.397977
-15.823097
-19.621384
-17.582933
-18.091700
-21.887627
-16.518456
-14.192065
-18.958832
-20.536522
-21.687088
-24.014687
-28.418751
-28.711720
-24.026564
-24.746855
-24.799212
-23.625631
-20.881680
-30.796432
-28.278597
-27.045992
-24.440706
-22.747259
-22.445314
-24.918209
-23.740288
-27.676077
-33.428467
-31.255981
-28.326412
-24.605854
-28.130749
-24.599047
-24.620905
-24.043457
-25.122826
-26.052763
-25.273922
-22.422756
-25.822020
-24.580051
-25.313374
-28.551218
-25.112988
-30.225727
-24.411180
-25.362446
-30.695307
-30.239897
-26.614359
-28.294180
-28.766718
-27.780712
-24.451923
-27.016006
-27.149439
-29.086027
-31.469831
-31.677713
-32.201050
-32.645611
-33.020500
-32.412086
-33.957870
-33.174683
-36.717537
-34.962555
-32.591331
-30.729336
-29.832136
-32.414391
-34.288761
-38.745384
-38.380760
-37.897427
-37.139194
-33.521332
-34.087063
-34.290504
-34.020145
-37.235504
-33.027855
-34.945881
-34.781239
-37.581734
-38.723370
-38.394161
-36.350708
-34.643532
-35.665745
-42.309807
-27.376312
-22.659485
-20.677818
-23.138374
-24.677128
-13.680065
-13.895687
-15.191841
-23.619976
-20.855328
-18.968376
-14.877586
-17.015652
-22.201921
-11.732950
-11.099512
-14.550294
-9.811192
-8.584996
-11.237335
-19.988539
-17.101517
-18.567631
-15.953093
-17.658268
-16.425884
-18.044350
-6.147065
-6.544930
-16.981440
-23.125641
-24.609718
-23.090591
-17.379129
-13.657746
-19.633926
-19.536182
-17.449385
-20.325277
-17.517376
-15.755210
-17.996002
-21.447289
-19.495764
-25.138319
-17.245975
-18.084808
-20.698448
-22.093229
-18.560148
-23.774418
-20.947392
-21.197697
-24.640379
-25.487595
-26.456564
-23.430477
-20.951159
-23.114651
-32.246288
-26.053049
-24.053860
-24.120844
-25.544037
-24.319506
-22.787514
-21.141146
-26.526123
-24.103796
-23.809559
-22.909721
-20.986725
-23.574673
-25.755083
-26.815464
-24.399900
-22.575548
-23.296555
-26.967001
-32.012501
-25.645227
-30.879042
-28.513622
-22.990635
-26.991379
-26.412048
-26.315058
-26.382887
-27.641968
-23.332327
-25.483612
-29.395945
-27.834929
-32.060654
-31.165604
-31.959478
-33.641876
-31.149040
-32.105400
-29.584646
-32.694248
-32.933083
-32.617283
-33.092091
-33.944088
-33.902115
-32.699398
-33.894287
-33.353497
-31.165154
-36.333763
-32.793537
-33.860561
-33.905609
-36.757622
-38.863026
-35.036934
-34.758308
-30.566154
-33.223442
-34.070889
-36.867065
-37.731045
-38.979568
-39.797745
-34.484501
-38.839272
-38.201508
-21.281429
-15.643731
-18.674047
-26.188923
-17.339308
-15.372039
-23.035849
-17.938387
-21.543652
-16.135460
-15.466707
-19.922430
-22.035664
-22.040083
-24.900305
-23.581869
-27.632870
-18.323063
-13.393745
-12.404866
-18.149597
-19.389738
-17.812422
-16.248190
-18.944195
-24.310362
-16.921825
-4.680443
-6.611275
-21.461439
-28.551414
-17.918255
-14.551682
-12.720547
-13.887802
-18.538177
-19.836939
-15.214843
-16.683306
-14.833326
-19.605152
-15.704702
-21.323952
-32.167461
-24.564085
-13.753885
-15.970651
-22.331539
-23.785200
-24.040709
-30.065268
-30.341259
-20.774921
-21.667271
-22.896757
-21.597052
-20.645094
-22.787321
-22.931171
-22.121960
-21.733751
-24.551571
-29.400074
-29.097042
-26.979429
-27.049400
-25.211311
-31.422215
-33.390148
-34.061085
-28.849833
-26.444664
-28.743664
-32.349022
-30.416447
-26.990383
-28.564569
-25.497816
-26.690351
-28.501659
-28.663494
-26.576984
-25.067053
-21.957867
-20.815243
-21.078203
-23.323235
-27.389700
-23.731388
-23.027346
-23.133924
-25.684643
-30.697254
-31.064844
-27.832821
-29.173735
-33.599857
-33.147587
-31.194862
-32.399818
-31.579401
-32.231949
-34.245716
-33.938023
-35.370895
-35.498268
-35.426441
-33.382915
-34.642685
-34.194252
-34.469677
-34.102665
-34.954353
-32.613670
-35.197174
-35.125271
-33.850143
-35.329475
-33.609928
-34.781528
-37.462627
-37.301208
-37.311722
-36.778320
-35.321495
-37.828480
-37.806026
-39.615410
-26.337412
-18.899956
-20.769878
-24.596027
-22.426634
-18.278286
-20.127918
-14.600170
-13.156273
-13.575975
-15.672258
-15.609865
-15.042405
-20.842686
-27.832645
-16.709810
-14.493683
-15.012560
-10.721455
-14.282005
-13.375532
-14.957604
-13.497780
-14.844101
-14.723063
-14.348553
-17.965956
-8.299106
-8.425612
-19.872093
-19.794132
-19.452932
-19.611851
-21.053831
-21.369663
-15.222773
-21.594229
-19.192484
-20.821667
-20.915518
-21.943100
-23.466131
-20.522835
-18.062780
-15.932905
-13.774686
-14.408020
-22.516062
-20.330521
-23.318165
-31.541916
-28.858608
-32.549591
-27.917683
-22.562506
-23.596481
-29.070129
-27.893686
-28.711309
-27.361439
-29.747723
-29.128561
-27.919796
-27.392673
-26.422199
-22.628002
-21.346508
-29.265673
-33.708721
-25.435978
-26.032207
-27.365997
-31.710451
-25.112926
-24.380072
-27.344776
-26.356623
-27.371540
-29.611794
-31.857489
-30.796736
-26.803617
-27.882841
-28.227112
-26.075329
-26.541136
-21.375391
-25.848522
-24.567116
-25.744278
-26.925497
-32.112091
-34.426884
-32.375397
-29.799908
-26.546335
-27.512619
-36.058277
-35.580517
-31.852314
-31.801043
-31.712643
-33.473259
-32.268242
-34.735416
-34.159458
-33.846153
-29.470377
-30.066284
-32.129402
-29.346298
-30.288420
-30.674660
-32.116440
-37.967930
-38.307980
-37.687271
-36.090149
-33.685246
-35.380402
-34.844460
-37.941433
-37.548050
-36.600124
-32.357971
-36.656712
-38.588509
-39.284538
-36.237270
-26.809093
-23.182697
-20.354473
-15.003372
-13.641376
-14.472579
-15.995913
-17.887150
-24.089506
-24.040125
-15.899273
-18.191422
-21.706936
-22.270828
-13.637490
-15.089618
-14.448050
-10.889721
-12.970725
-14.649626
-13.620996
-8.606878
-9.320916
-17.888153
-27.260838
-18.837482
-6.080319
-7.708948
-22.698330
-27.261894
-25.371643
-20.651264
-16.002922
-18.949684
-13.720130
-19.438526
-15.292907
-20.253992
-23.830742
-17.927231
-20.112984
-23.285229
-17.003201
-8.621410
-5.248641
-12.993477
-21.120705
-26.387054
-25.943117
-24.791115
-24.958057
-24.607761
-31.248693
-20.022470
-20.971996
-19.139412
-22.911678
-27.415770
-27.406340
-31.467104
-29.389732
-26.188524
-26.179958
-27.901867
-26.238518
-26.985985
-23.756615
-24.665012
-28.849426
-27.813171
-26.605392
-25.478321
-25.296051
-23.067776
-23.785568
-25.278992
-28.805931
-30.254784
-29.602201
-28.736219
-29.891514
-26.693552
-29.875111
-29.935581
-25.008791
-27.533974
-29.728256
-31.935064
-29.195930
-30.943146
-27.853901
-30.671490
-31.473730
-30.615263
-32.300144
-35.647030
-33.736797
-33.225533
-29.590712
-28.985634
-28.928988
-33.910908
-36.312210
-36.004063
-32.326107
-33.105129
-31.590206
-33.426769
-33.788826
-33.814587
-36.383156
-32.873035
-32.617752
-34.981300
-35.876747
-35.738140
-33.673485
-32.672428
-33.413708
-34.187897
-38.009144
-40.014908
-35.962234
-34.764706
-31.963224
-36.253479
-38.696732
