# x_input_quantizer.out_quantizer (shape [3, 3, 128]),
12,
9,
0,
0,
0,
0,
18,
0,
5,
7,
2,
6,
10,
8,
0,
20,
9,
18,
3,
13,
0,
3,
6,
19,
0,
3,
0,
0,
0,
0,
3,
0,
7,
4,
0,
9,
3,
9,
5,
11,
1,
0,
3,
7,
0,
0,
1,
3,
0,
0,
0,
9,
0,
10,
5,
0,
0,
10,
0,
0,
11,
8,
0,
16,
0,
7,
0,
10,
0,
0,
13,
0,
0,
0,
0,
3,
11,
0,
0,
2,
0,
0,
0,
1,
5,
13,
1,
0,
0,
5,
3,
0,
0,
21,
0,
1,
0,
0,
0,
0,
0,
8,
0,
5,
0,
0,
8,
0,
13,
0,
3,
1,
2,
0,
0,
0,
17,
0,
3,
0,
5,
0,
0,
0,
0,
3,
15,
15,
11,
8,
0,
0,
0,
0,
17,
0,
6,
6,
4,
5,
8,
6,
0,
19,
7,
19,
0,
12,
0,
1,
8,
16,
0,
0,
0,
0,
0,
0,
3,
0,
9,
5,
0,
9,
2,
11,
7,
10,
0,
0,
4,
5,
0,
0,
0,
3,
0,
0,
0,
6,
0,
9,
7,
0,
0,
10,
0,
1,
7,
9,
0,
14,
0,
7,
0,
10,
0,
0,
13,
0,
0,
0,
0,
3,
11,
1,
0,
2,
0,
0,
0,
2,
7,
13,
1,
0,
0,
2,
3,
0,
0,
20,
0,
0,
0,
0,
0,
1,
0,
9,
1,
5,
0,
0,
8,
2,
14,
0,
3,
3,
1,
0,
0,
0,
16,
0,
6,
0,
3,
0,
0,
0,
0,
4,
16,
14,
10,
7,
0,
0,
0,
0,
17,
0,
11,
5,
5,
8,
11,
6,
0,
16,
7,
22,
1,
13,
0,
1,
5,
15,
0,
1,
0,
0,
0,
0,
5,
0,
9,
5,
0,
10,
4,
12,
6,
10,
0,
0,
5,
6,
0,
0,
0,
3,
1,
0,
0,
9,
0,
8,
5,
0,
2,
11,
0,
2,
8,
8,
0,
14,
0,
8,
2,
11,
0,
0,
12,
0,
0,
1,
0,
2,
9,
1,
2,
1,
0,
0,
0,
3,
6,
10,
2,
0,
0,
1,
5,
0,
0,
23,
0,
2,
0,
0,
0,
0,
0,
11,
0,
7,
0,
0,
7,
5,
14,
0,
6,
0,
3,
0,
0,
0,
14,
0,
6,
0,
1,
0,
0,
0,
0,
3,
18,
13,
8,
4,
0,
0,
0,
0,
15,
0,
4,
6,
0,
4,
8,
8,
0,
19,
10,
19,
5,
14,
0,
3,
7,
18,
0,
5,
0,
0,
0,
0,
4,
0,
2,
5,
0,
9,
0,
9,
5,
11,
4,
0,
2,
7,
0,
0,
2,
7,
1,
0,
0,
8,
0,
11,
5,
0,
1,
12,
0,
0,
13,
9,
0,
14,
0,
7,
2,
11,
0,
0,
14,
0,
0,
0,
0,
2,
12,
0,
0,
1,
0,
0,
0,
2,
4,
11,
3,
0,
0,
4,
3,
0,
0,
20,
0,
1,
0,
3,
0,
0,
0,
9,
0,
6,
0,
0,
5,
0,
14,
0,
3,
0,
0,
0,
0,
0,
16,
0,
0,
0,
5,
1,
0,
0,
0,
1,
14,
15,
7,
3,
0,
0,
0,
0,
15,
0,
3,
4,
2,
5,
7,
7,
0,
17,
9,
22,
0,
14,
0,
2,
10,
16,
0,
1,
1,
0,
1,
0,
6,
0,
4,
5,
0,
8,
0,
8,
8,
11,
3,
0,
4,
4,
0,
0,
0,
6,
1,
0,
0,
5,
0,
10,
7,
0,
0,
11,
2,
0,
11,
9,
0,
12,
0,
6,
5,
12,
0,
0,
16,
0,
0,
0,
0,
1,
11,
1,
0,
0,
0,
0,
0,
2,
5,
11,
3,
0,
0,
0,
3,
0,
0,
19,
0,
0,
0,
4,
0,
0,
0,
10,
4,
5,
0,
0,
4,
0,
13,
0,
3,
0,
0,
0,
3,
0,
14,
0,
2,
3,
6,
0,
0,
0,
0,
1,
14,
13,
9,
4,
0,
0,
0,
0,
16,
0,
11,
6,
5,
8,
10,
4,
0,
15,
9,
24,
0,
14,
0,
3,
5,
16,
0,
2,
0,
0,
0,
0,
7,
0,
6,
6,
0,
9,
3,
8,
6,
11,
0,
0,
6,
5,
0,
0,
0,
6,
2,
0,
0,
9,
0,
8,
5,
0,
1,
11,
3,
1,
10,
8,
0,
14,
0,
6,
5,
10,
0,
0,
12,
0,
0,
1,
1,
0,
9,
2,
4,
1,
0,
0,
0,
1,
8,
10,
1,
0,
0,
0,
6,
0,
0,
23,
0,
0,
0,
2,
0,
0,
0,
12,
3,
5,
0,
0,
4,
2,
14,
0,
8,
0,
2,
1,
1,
0,
13,
0,
5,
1,
2,
0,
0,
0,
0,
3,
16,
11,
6,
8,
0,
0,
0,
0,
16,
0,
6,
2,
2,
5,
9,
4,
0,
18,
10,
23,
5,
14,
0,
1,
6,
18,
0,
1,
0,
0,
0,
0,
7,
0,
5,
6,
0,
7,
0,
11,
4,
12,
3,
0,
5,
7,
0,
0,
0,
6,
0,
0,
0,
10,
0,
11,
3,
0,
0,
15,
0,
0,
12,
7,
2,
14,
0,
7,
0,
12,
0,
1,
15,
0,
0,
0,
0,
4,
9,
0,
0,
0,
0,
0,
0,
2,
3,
11,
5,
0,
0,
3,
6,
0,
0,
21,
0,
5,
0,
3,
0,
0,
0,
10,
0,
3,
0,
0,
6,
0,
14,
0,
7,
0,
2,
0,
0,
0,
15,
0,
3,
0,
4,
0,
0,
0,
0,
1,
12,
16,
4,
7,
0,
0,
0,
0,
17,
0,
5,
1,
4,
4,
9,
2,
0,
16,
10,
25,
0,
16,
0,
1,
8,
16,
0,
0,
0,
0,
0,
0,
9,
0,
5,
8,
0,
6,
0,
10,
7,
12,
2,
0,
6,
3,
0,
0,
0,
5,
1,
0,
0,
9,
0,
12,
3,
0,
0,
14,
1,
0,
11,
8,
1,
13,
0,
7,
1,
10,
0,
0,
18,
0,
1,
0,
0,
5,
10,
0,
1,
0,
0,
0,
0,
0,
3,
12,
6,
0,
0,
2,
6,
0,
0,
20,
0,
3,
0,
1,
0,
0,
0,
11,
3,
4,
0,
0,
6,
1,
12,
0,
7,
0,
3,
0,
0,
0,
16,
0,
2,
0,
5,
0,
0,
0,
0,
1,
12,
15,
8,
6,
0,
0,
0,
0,
18,
0,
9,
5,
6,
5,
10,
0,
0,
16,
10,
24,
1,
15,
0,
2,
6,
17,
0,
0,
0,
0,
0,
0,
7,
0,
6,
9,
0,
8,
2,
10,
6,
12,
1,
0,
5,
4,
0,
0,
0,
6,
1,
0,
0,
10,
0,
12,
2,
0,
0,
12,
2,
1,
11,
7,
1,
14,
0,
7,
0,
9,
0,
0,
14,
0,
1,
1,
0,
4,
11,
1,
4,
0,
0,
0,
0,
1,
8,
14,
3,
0,
0,
1,
7,
0,
0,
22,
0,
2,
0,
0,
0,
0,
0,
14,
2,
5,
0,
0,
6,
2,
13,
0,
10,
0,
6,
2,
0,
0,
16,
0,
4,
0,
2,
0,
0,
0,
0,
3,
14,
15,
