# layer3.conv1 (shape [3, 3, 119]),
28,
0,
0,
36,
81,
0,
40,
0,
23,
48,
0,
0,
10,
22,
0,
0,
25,
0,
0,
27,
41,
0,
0,
0,
0,
0,
0,
0,
0,
25,
0,
0,
0,
0,
0,
0,
31,
0,
0,
0,
0,
0,
0,
34,
39,
17,
30,
30,
0,
0,
0,
35,
0,
0,
0,
19,
86,
31,
0,
33,
23,
37,
0,
0,
0,
52,
0,
0,
0,
0,
31,
0,
0,
0,
0,
0,
0,
0,
33,
0,
0,
0,
0,
0,
0,
0,
0,
0,
38,
39,
0,
0,
0,
0,
0,
49,
0,
0,
58,
0,
31,
0,
0,
0,
0,
0,
40,
0,
34,
0,
0,
0,
31,
0,
0,
0,
19,
35,
0,
31,
0,
0,
32,
71,
0,
33,
0,
21,
20,
0,
0,
60,
15,
0,
0,
0,
0,
0,
26,
38,
0,
0,
0,
0,
0,
0,
0,
0,
25,
0,
0,
0,
0,
0,
0,
38,
0,
0,
0,
0,
0,
0,
34,
33,
38,
32,
27,
0,
0,
0,
31,
0,
0,
0,
0,
55,
28,
0,
27,
19,
34,
0,
0,
0,
35,
0,
0,
0,
0,
28,
0,
14,
0,
0,
0,
4,
0,
25,
0,
0,
0,
0,
0,
0,
0,
0,
0,
34,
34,
0,
0,
0,
0,
0,
32,
0,
0,
58,
0,
32,
0,
0,
0,
0,
0,
32,
0,
37,
0,
0,
0,
30,
0,
0,
0,
24,
41,
0,
34,
0,
0,
37,
70,
0,
36,
0,
23,
34,
0,
0,
48,
20,
0,
0,
0,
0,
0,
33,
44,
0,
0,
0,
0,
0,
0,
0,
0,
29,
0,
0,
0,
0,
0,
0,
45,
0,
0,
0,
0,
0,
0,
39,
38,
29,
35,
30,
0,
0,
0,
24,
0,
0,
0,
0,
31,
33,
0,
34,
25,
37,
0,
0,
0,
44,
0,
0,
0,
0,
34,
0,
14,
0,
0,
0,
0,
0,
31,
0,
0,
0,
0,
0,
0,
0,
0,
0,
39,
42,
0,
0,
0,
0,
0,
37,
0,
0,
33,
0,
32,
0,
5,
0,
0,
0,
31,
0,
43,
0,
0,
0,
34,
0,
0,
0,
25,
43,
0,
28,
0,
0,
34,
68,
0,
37,
0,
27,
47,
0,
0,
0,
23,
0,
0,
60,
0,
0,
23,
39,
0,
0,
0,
0,
0,
0,
0,
0,
27,
0,
0,
0,
0,
0,
0,
25,
0,
0,
0,
0,
0,
0,
24,
30,
0,
26,
28,
0,
0,
0,
16,
0,
0,
0,
58,
110,
30,
0,
26,
19,
28,
0,
0,
0,
0,
0,
0,
0,
0,
30,
0,
1,
0,
0,
0,
0,
0,
27,
0,
0,
0,
0,
0,
0,
0,
0,
0,
33,
31,
0,
0,
0,
0,
0,
58,
0,
0,
63,
0,
17,
0,
0,
0,
0,
0,
42,
0,
28,
0,
0,
0,
27,
0,
0,
0,
20,
18,
0,
35,
0,
0,
13,
32,
0,
38,
0,
32,
7,
0,
0,
79,
11,
0,
0,
50,
0,
0,
36,
26,
0,
0,
0,
0,
0,
0,
0,
0,
34,
9,
0,
0,
0,
30,
0,
33,
5,
0,
0,
0,
0,
0,
20,
21,
51,
37,
24,
0,
0,
0,
11,
0,
0,
0,
25,
26,
29,
0,
21,
27,
24,
0,
0,
0,
0,
0,
0,
0,
0,
31,
0,
21,
0,
0,
0,
0,
0,
26,
0,
0,
0,
0,
0,
0,
0,
0,
0,
27,
21,
0,
0,
0,
0,
0,
32,
0,
0,
79,
0,
15,
0,
24,
0,
0,
0,
31,
0,
24,
0,
0,
0,
25,
0,
0,
0,
40,
23,
0,
37,
0,
0,
30,
35,
0,
44,
0,
26,
20,
0,
0,
82,
23,
0,
0,
45,
0,
0,
40,
40,
0,
0,
0,
0,
0,
0,
0,
0,
33,
0,
0,
0,
0,
4,
0,
43,
0,
0,
0,
0,
0,
0,
36,
33,
24,
40,
30,
0,
0,
0,
4,
0,
0,
0,
0,
0,
31,
0,
36,
28,
35,
0,
0,
0,
43,
0,
0,
0,
0,
36,
0,
33,
0,
0,
0,
0,
0,
30,
0,
0,
0,
0,
0,
0,
0,
0,
0,
36,
38,
0,
0,
0,
0,
0,
40,
0,
0,
51,
0,
27,
0,
29,
0,
0,
0,
29,
0,
40,
0,
0,
0,
32,
0,
0,
0,
30,
35,
0,
31,
0,
0,
38,
48,
0,
22,
0,
19,
56,
0,
0,
0,
25,
0,
0,
85,
0,
0,
36,
42,
0,
0,
0,
0,
0,
0,
0,
0,
30,
0,
0,
0,
0,
3,
0,
30,
0,
0,
0,
0,
0,
0,
27,
33,
12,
19,
30,
0,
0,
0,
0,
0,
0,
0,
123,
79,
31,
0,
29,
18,
30,
0,
0,
0,
3,
0,
0,
0,
0,
32,
0,
0,
0,
0,
0,
0,
0,
31,
0,
0,
0,
0,
0,
0,
0,
0,
0,
34,
37,
0,
0,
0,
0,
0,
44,
0,
0,
64,
0,
18,
0,
0,
0,
0,
0,
32,
0,
30,
0,
0,
0,
31,
0,
0,
0,
32,
16,
0,
39,
0,
0,
26,
37,
15,
27,
0,
19,
15,
0,
0,
51,
19,
0,
0,
97,
0,
0,
44,
34,
0,
0,
0,
0,
0,
0,
0,
0,
39,
0,
0,
0,
0,
67,
0,
18,
0,
0,
0,
0,
0,
0,
21,
27,
36,
27,
32,
0,
0,
0,
0,
0,
0,
0,
125,
0,
31,
0,
28,
24,
27,
0,
0,
0,
11,
0,
0,
0,
0,
32,
0,
0,
0,
0,
0,
0,
0,
35,
0,
0,
0,
0,
0,
4,
0,
0,
0,
31,
32,
0,
0,
0,
0,
0,
38,
0,
0,
32,
0,
12,
0,
15,
0,
0,
0,
28,
0,
18,
0,
0,
0,
28,
0,
0,
0,
45,
9,
0,
42,
0,
0,
34,
47,
1,
36,
0,
25,
25,
0,
0,
70,
27,
0,
0,
50,
0,
0,
39,
41,
0,
0,
0,
0,
0,
0,
0,
0,
41,
0,
0,
0,
0,
21,
0,
33,
0,
0,
0,
0,
0,
0,
32,
34,
4,
38,
35,
0,
0,
0,
11,
0,
0,
0,
38,
0,
34,
0,
34,
26,
36,
0,
0,
0,
19,
0,
0,
0,
0,
36,
0,
7,
0,
0,
0,
0,
0,
38,
0,
0,
0,
0,
0,
0,
0,
0,
0,
35,
40,
0,
0,
0,
0,
0,
39,
0,
0,
43,
0,
24,
0,
24,
0,
0,
0,
29,
0,
32,
0,
0,
0,
34,
0,
0,
0,
34,
28,
0,
