# layer3.conv2 (shape [3, 3, 128]),
0,
0,
0,
0,
0,
0,
0,
0,
0,
0,
0,
0,
0,
0,
0,
26,
0,
0,
0,
0,
0,
0,
52,
0,
0,
0,
0,
0,
0,
0,
0,
0,
0,
0,
0,
0,
0,
0,
0,
133,
0,
0,
0,
0,
0,
0,
0,
0,
0,
29,
0,
0,
0,
0,
0,
0,
0,
0,
0,
0,
0,
0,
0,
79,
0,
0,
0,
0,
0,
0,
0,
0,
0,
0,
0,
0,
0,
0,
0,
0,
0,
0,
0,
0,
0,
0,
0,
47,
0,
0,
0,
0,
0,
0,
0,
0,
0,
0,
0,
117,
0,
0,
0,
0,
0,
16,
0,
0,
0,
105,
0,
81,
0,
0,
0,
0,
0,
0,
0,
0,
10,
0,
0,
65,
0,
0,
0,
0,
0,
0,
0,
0,
0,
0,
0,
0,
0,
0,
0,
0,
0,
0,
0,
8,
0,
0,
0,
0,
0,
0,
56,
0,
0,
0,
0,
0,
0,
0,
0,
0,
0,
0,
0,
0,
0,
0,
0,
32,
0,
0,
0,
0,
0,
0,
0,
0,
0,
0,
0,
0,
0,
0,
0,
0,
0,
0,
0,
0,
0,
0,
0,
5,
0,
0,
0,
0,
0,
0,
0,
0,
0,
0,
0,
0,
0,
0,
0,
0,
0,
0,
0,
0,
0,
0,
0,
0,
0,
0,
0,
0,
0,
0,
0,
0,
0,
0,
0,
101,
0,
0,
0,
0,
0,
37,
0,
0,
0,
85,
0,
68,
0,
0,
0,
0,
0,
0,
0,
0,
0,
0,
0,
41,
0,
0,
0,
0,
0,
0,
0,
0,
0,
0,
0,
0,
0,
0,
0,
0,
0,
0,
0,
0,
0,
0,
0,
0,
0,
0,
66,
0,
0,
0,
0,
0,
0,
0,
0,
0,
0,
0,
0,
0,
0,
0,
0,
52,
0,
0,
0,
0,
0,
0,
0,
0,
0,
0,
0,
0,
0,
0,
0,
0,
0,
0,
0,
0,
0,
0,
0,
76,
0,
0,
0,
0,
0,
0,
0,
0,
0,
0,
0,
0,
0,
0,
0,
0,
0,
0,
0,
0,
0,
0,
0,
0,
0,
0,
0,
0,
0,
0,
0,
0,
0,
0,
0,
127,
0,
0,
0,
0,
0,
0,
0,
0,
0,
129,
0,
97,
0,
0,
0,
0,
0,
0,
0,
0,
0,
0,
0,
64,
0,
0,
0,
0,
0,
0,
0,
0,
0,
0,
0,
0,
0,
0,
0,
0,
0,
0,
0,
72,
0,
0,
0,
0,
0,
0,
74,
0,
0,
0,
0,
0,
0,
0,
0,
0,
0,
0,
0,
0,
0,
0,
0,
93,
0,
0,
0,
0,
0,
0,
0,
0,
0,
20,
0,
0,
0,
0,
0,
0,
0,
0,
23,
0,
0,
0,
0,
72,
0,
0,
0,
0,
0,
0,
0,
0,
0,
0,
0,
0,
0,
0,
0,
0,
0,
0,
0,
0,
0,
0,
0,
12,
0,
0,
0,
0,
0,
0,
0,
0,
0,
0,
0,
111,
0,
0,
0,
0,
0,
5,
0,
0,
0,
88,
0,
104,
0,
0,
0,
0,
0,
0,
0,
0,
5,
0,
0,
64,
0,
0,
0,
0,
0,
0,
0,
0,
0,
0,
0,
0,
0,
0,
0,
0,
0,
0,
0,
65,
0,
0,
0,
0,
0,
0,
79,
0,
0,
0,
0,
0,
0,
0,
0,
0,
0,
0,
0,
0,
0,
0,
0,
0,
0,
0,
0,
0,
0,
0,
0,
0,
0,
10,
0,
0,
0,
0,
0,
0,
0,
0,
78,
0,
0,
0,
0,
0,
0,
0,
0,
0,
0,
0,
0,
0,
0,
0,
0,
0,
0,
0,
0,
0,
0,
0,
0,
0,
0,
0,
0,
0,
0,
0,
0,
0,
0,
0,
0,
0,
0,
0,
0,
94,
0,
0,
0,
0,
0,
0,
0,
11,
0,
62,
0,
93,
0,
0,
0,
0,
0,
0,
0,
0,
0,
0,
0,
51,
0,
0,
0,
0,
0,
0,
0,
0,
0,
0,
0,
0,
0,
0,
0,
0,
0,
0,
0,
0,
0,
0,
0,
0,
0,
0,
70,
0,
0,
0,
0,
0,
0,
0,
0,
0,
0,
0,
0,
0,
0,
0,
0,
24,
0,
0,
0,
0,
0,
0,
0,
0,
0,
2,
0,
0,
0,
0,
0,
0,
0,
0,
11,
0,
0,
0,
0,
59,
0,
0,
0,
0,
0,
0,
0,
0,
0,
0,
0,
0,
0,
0,
0,
0,
0,
0,
0,
0,
0,
0,
0,
0,
0,
0,
0,
0,
0,
0,
0,
0,
0,
0,
0,
122,
0,
0,
0,
0,
0,
0,
0,
0,
0,
112,
0,
102,
0,
0,
0,
0,
0,
0,
0,
0,
0,
0,
0,
69,
0,
0,
0,
0,
0,
0,
0,
0,
0,
0,
0,
0,
0,
0,
0,
0,
0,
0,
0,
62,
0,
0,
0,
0,
0,
0,
71,
0,
0,
0,
0,
0,
0,
0,
0,
0,
0,
0,
0,
0,
0,
0,
0,
202,
0,
0,
0,
0,
0,
0,
0,
0,
0,
35,
0,
0,
0,
0,
0,
0,
0,
0,
0,
0,
0,
0,
0,
128,
0,
0,
0,
0,
0,
0,
0,
0,
0,
0,
0,
0,
0,
0,
0,
0,
0,
0,
0,
0,
0,
0,
0,
0,
0,
0,
0,
0,
0,
0,
0,
0,
0,
0,
0,
136,
0,
0,
0,
0,
0,
0,
0,
0,
0,
111,
0,
128,
0,
0,
0,
0,
0,
0,
0,
0,
10,
0,
0,
102,
0,
0,
0,
0,
0,
0,
0,
0,
0,
0,
0,
0,
0,
0,
0,
0,
0,
0,
0,
72,
0,
0,
0,
0,
0,
0,
80,
0,
0,
0,
0,
0,
0,
0,
0,
0,
0,
0,
0,
0,
0,
0,
0,
142,
0,
0,
0,
0,
0,
0,
0,
0,
0,
54,
0,
0,
0,
0,
0,
0,
0,
14,
4,
0,
0,
0,
0,
77,
0,
0,
0,
0,
0,
0,
0,
0,
0,
0,
0,
0,
0,
0,
0,
0,
0,
0,
0,
0,
0,
0,
0,
0,
0,
0,
0,
0,
0,
0,
0,
0,
0,
0,
0,
124,
0,
0,
0,
0,
0,
0,
0,
0,
0,
97,
0,
128,
0,
0,
0,
0,
0,
0,
0,
0,
0,
0,
0,
101,
0,
0,
0,
0,
0,
0,
0,
0,
0,
0,
0,
0,
0,
0,
0,
0,
0,
0,
0,
20,
0,
0,
0,
0,
0,
0,
79,
0,
0,
0,
0,
0,
0,
0,
0,
0,
0,
0,
0,
0,
0,
0,
0,
188,
0,
0,
0,
0,
0,
0,
0,
0,
0,
42,
0,
0,
0,
0,
0,
0,
0,
0,
0,
0,
0,
0,
0,
119,
0,
0,
0,
0,
0,
0,
0,
0,
0,
0,
0,
0,
0,
0,
0,
0,
0,
0,
0,
0,
0,
0,
0,
0,
0,
0,
0,
0,
0,
0,
0,
0,
0,
0,
0,
124,
0,
0,
0,
0,
0,
0,
0,
0,
0,
119,
0,
117,
0,
0,
0,
0,
0,
0,
0,
0,
0,
0,
0,
94,
0,
0,
0,
0,
