# layer2.conv1 (shape [5, 5, 64]),
35,
50,
0,
22,
0,
0,
28,
0,
22,
2,
31,
17,
0,
0,
48,
51,
32,
3,
27,
8,
87,
12,
0,
0,
0,
0,
30,
23,
15,
48,
0,
27,
21,
0,
7,
6,
0,
0,
0,
0,
40,
15,
45,
0,
24,
75,
0,
0,
0,
0,
0,
0,
51,
0,
0,
0,
3,
0,
0,
43,
63,
7,
0,
0,
32,
25,
0,
12,
0,
18,
0,
0,
27,
0,
25,
7,
0,
0,
92,
15,
0,
0,
39,
0,
51,
0,
0,
25,
24,
0,
26,
0,
30,
36,
0,
19,
32,
1,
3,
4,
6,
0,
0,
31,
26,
4,
19,
0,
41,
73,
27,
27,
17,
0,
0,
0,
63,
0,
0,
0,
10,
0,
0,
44,
45,
51,
0,
0,
40,
39,
0,
5,
0,
34,
0,
0,
37,
0,
14,
3,
0,
0,
80,
22,
0,
0,
39,
0,
48,
0,
0,
10,
21,
0,
22,
0,
34,
35,
0,
22,
30,
0,
4,
0,
4,
0,
0,
19,
12,
4,
19,
0,
39,
75,
30,
27,
21,
0,
0,
0,
57,
0,
0,
0,
13,
6,
0,
51,
30,
58,
8,
4,
37,
40,
0,
0,
0,
36,
0,
0,
36,
0,
21,
6,
0,
0,
76,
14,
0,
0,
39,
0,
39,
0,
0,
2,
22,
0,
16,
0,
34,
33,
0,
21,
21,
1,
11,
0,
5,
11,
0,
22,
14,
19,
22,
0,
43,
71,
27,
34,
20,
0,
1,
0,
56,
0,
0,
0,
0,
8,
0,
49,
36,
47,
0,
0,
39,
48,
0,
0,
0,
8,
0,
0,
29,
0,
28,
2,
0,
0,
56,
15,
0,
0,
36,
4,
32,
0,
0,
13,
3,
7,
23,
0,
35,
37,
0,
38,
44,
0,
4,
0,
12,
0,
0,
0,
9,
19,
24,
0,
31,
58,
4,
1,
13,
0,
0,
0,
42,
0,
0,
0,
0,
0,
0,
47,
38,
29,
0,
15,
32,
42,
0,
63,
0,
0,
34,
0,
10,
0,
3,
0,
0,
0,
75,
23,
42,
0,
4,
0,
96,
12,
0,
0,
0,
0,
0,
0,
26,
51,
0,
4,
20,
0,
6,
1,
6,
0,
0,
0,
33,
18,
13,
0,
0,
52,
4,
0,
28,
0,
0,
0,
0,
0,
0,
8,
22,
14,
0,
42,
21,
0,
0,
48,
31,
11,
0,
46,
0,
16,
0,
0,
9,
0,
0,
0,
0,
0,
80,
0,
0,
0,
0,
0,
0,
0,
12,
18,
76,
3,
0,
0,
61,
36,
0,
0,
8,
0,
17,
0,
18,
37,
0,
0,
6,
0,
0,
15,
0,
19,
48,
0,
70,
0,
0,
0,
0,
0,
0,
0,
13,
74,
0,
42,
0,
54,
0,
28,
36,
29,
0,
18,
0,
38,
10,
0,
21,
0,
0,
0,
0,
0,
58,
0,
0,
0,
0,
0,
0,
0,
0,
0,
57,
9,
0,
0,
59,
26,
0,
0,
0,
0,
34,
0,
7,
56,
0,
0,
2,
15,
0,
8,
0,
2,
38,
0,
64,
0,
0,
0,
0,
0,
0,
0,
0,
68,
0,
46,
0,
44,
0,
35,
35,
20,
0,
20,
0,
39,
2,
0,
21,
0,
0,
0,
0,
0,
57,
0,
0,
0,
0,
0,
0,
0,
0,
0,
48,
5,
0,
0,
53,
32,
0,
0,
7,
0,
17,
0,
10,
27,
0,
0,
3,
13,
0,
0,
0,
13,
33,
0,
56,
0,
0,
0,
0,
0,
0,
0,
4,
72,
0,
45,
0,
44,
2,
42,
30,
52,
0,
22,
0,
24,
12,
0,
8,
0,
0,
0,
0,
0,
42,
0,
0,
0,
0,
0,
0,
0,
11,
0,
27,
29,
0,
0,
50,
28,
0,
0,
32,
0,
18,
0,
17,
7,
0,
0,
0,
13,
0,
0,
0,
0,
8,
0,
45,
0,
0,
0,
0,
0,
0,
0,
0,
63,
0,
35,
0,
29,
0,
51,
32,
60,
5,
73,
0,
0,
60,
0,
13,
0,
0,
0,
0,
0,
91,
13,
54,
0,
4,
0,
95,
29,
22,
0,
0,
0,
0,
1,
32,
63,
0,
0,
15,
0,
13,
9,
7,
3,
0,
0,
36,
42,
15,
0,
0,
60,
14,
0,
38,
19,
3,
0,
0,
0,
0,
21,
49,
30,
5,
43,
11,
0,
0,
56,
32,
26,
0,
44,
0,
17,
16,
0,
10,
0,
0,
0,
0,
0,
95,
2,
0,
0,
0,
0,
0,
0,
30,
0,
80,
29,
0,
0,
62,
48,
0,
0,
16,
0,
16,
0,
19,
59,
0,
12,
23,
38,
0,
17,
0,
16,
44,
0,
67,
8,
0,
0,
0,
0,
0,
0,
44,
85,
0,
42,
0,
44,
0,
33,
41,
30,
0,
14,
0,
38,
15,
0,
31,
0,
0,
0,
0,
0,
73,
0,
0,
0,
0,
0,
9,
0,
9,
0,
56,
15,
0,
0,
61,
41,
0,
0,
1,
0,
31,
0,
9,
63,
0,
3,
14,
38,
0,
7,
0,
21,
38,
0,
64,
0,
13,
0,
0,
0,
0,
0,
16,
74,
0,
48,
0,
41,
0,
43,
38,
31,
0,
27,
0,
32,
23,
0,
21,
0,
0,
0,
0,
0,
72,
7,
0,
0,
0,
0,
4,
0,
3,
0,
50,
7,
0,
0,
60,
42,
0,
0,
14,
0,
24,
0,
13,
49,
0,
0,
12,
37,
0,
2,
0,
25,
33,
0,
58,
0,
0,
0,
0,
0,
0,
0,
28,
78,
0,
49,
0,
40,
0,
45,
35,
48,
0,
23,
0,
30,
13,
0,
17,
0,
0,
0,
0,
0,
37,
0,
0,
0,
0,
0,
2,
0,
17,
0,
33,
34,
0,
0,
57,
23,
0,
0,
32,
0,
32,
0,
17,
17,
0,
0,
4,
20,
0,
0,
0,
0,
10,
0,
55,
0,
0,
0,
0,
0,
0,
0,
0,
73,
0,
42,
0,
31,
0,
58,
32,
58,
0,
67,
0,
0,
56,
0,
13,
0,
0,
0,
0,
0,
84,
17,
45,
0,
5,
0,
96,
21,
5,
0,
0,
0,
0,
3,
28,
61,
0,
0,
26,
0,
13,
3,
4,
0,
0,
0,
29,
33,
14,
0,
0,
46,
16,
0,
33,
6,
3,
0,
0,
0,
0,
17,
45,
20,
3,
41,
14,
0,
0,
47,
31,
7,
0,
29,
0,
22,
9,
0,
12,
0,
0,
0,
0,
0,
83,
0,
0,
0,
0,
0,
0,
0,
11,
0,
74,
35,
0,
0,
57,
41,
0,
0,
4,
0,
30,
0,
15,
72,
0,
7,
16,
24,
0,
20,
0,
9,
54,
10,
68,
0,
1,
0,
0,
1,
0,
0,
26,
71,
0,
41,
0,
51,
0,
17,
37,
30,
0,
11,
0,
32,
27,
0,
27,
0,
0,
0,
0,
0,
59,
0,
0,
0,
0,
0,
9,
0,
0,
0,
40,
17,
0,
0,
52,
44,
0,
0,
9,
0,
28,
0,
10,
53,
0,
0,
11,
38,
0,
0,
0,
24,
41,
0,
53,
0,
9,
0,
0,
0,
0,
0,
10,
66,
0,
44,
0,
36,
0,
40,
38,
24,
0,
26,
0,
25,
20,
0,
21,
0,
0,
0,
0,
0,
63,
6,
0,
0,
0,
0,
18,
0,
2,
0,
46,
12,
0,
0,
55,
41,
0,
0,
14,
0,
35,
0,
10,
46,
0,
0,
14,
30,
0,
7,
0,
14,
37,
0,
57,
0,
0,
0,
0,
0,
0,
0,
18,
67,
0,
47,
0,
46,
0,
44,
35,
45,
0,
36,
0,
15,
26,
0,
21,
0,
0,
0,
0,
0,
45,
0,
0,
0,
0,
0,
6,
0,
37,
0,
39,
12,
0,
0,
63,
22,
0,
0,
20,
0,
44,
0,
21,
27,
0,
0,
4,
31,
0,
0,
0,
0,
3,
0,
72,
11,
0,
0,
0,
0,
0,
0,
0,
88,
0,
46,
0,
25,
0,
69,
23,
52,
9,
50,
0,
0,
45,
0,
13,
0,
12,
0,
0,
0,
59,
11,
31,
0,
0,
0,
98,
20,
16,
0,
0,
0,
0,
11,
18,
41,
0,
0,
12,
0,
17,
0,
7,
8,
0,
0,
23,
27,
14,
0,
0,
44,
13,
0,
12,
0,
0,
0,
0,
0,
0,
29,
44,
15,
0,
35,
27,
0,
0,
41,
29,
32,
0,
5,
0,
15,
27,
0,
20,
0,
0,
0,
0,
0,
68,
0,
0,
0,
2,
0,
0,
0,
19,
0,
43,
31,
0,
0,
54,
25,
0,
0,
0,
0,
31,
0,
14,
81,
0,
52,
10,
23,
0,
14,
0,
10,
63,
33,
38,
0,
0,
0,
0,
26,
0,
0,
0,
52,
0,
34,
0,
45,
0,
16,
31,
39,
0,
18,
0,
16,
18,
0,
26,
0,
0,
0,
0,
0,
53,
4,
0,
0,
1,
0,
16,
0,
12,
0,
24,
0,
0,
0,
50,
28,
0,
0,
2,
0,
35,
0,
13,
33,
0,
13,
11,
19,
0,
2,
0,
24,
41,
8,
41,
0,
0,
0,
0,
0,
0,
0,
3,
52,
0,
39,
0,
39,
0,
43,
33,
43,
0,
22,
0,
15,
20,
0,
30,
0,
0,
0,
0,
0,
69,
0,
0,
0,
0,
0,
2,
0,
20,
0,
46,
0,
0,
0,
61,
27,
0,
0,
0,
0,
53,
0,
19,
56,
0,
27,
0,
17,
0,
12,
0,
30,
56,
32,
54,
0,
0,
0,
0,
0,
0,
0,
0,
79,
0,
43,
0,
46,
0,
45,
31,
76,
0,
12,
0,
17,
44,
0,
21,
0,
0,
0,
0,
0,
40,
0,
0,
0,
0,
0,
0,
0,
47,
0,
26,
29,
0,
0,
62,
8,
0,
0,
2,
0,
51,
0,
20,
59,
0,
20,
0,
36,
0,
6,
0,
0,
30,
26,
48,
7,
0,
0,
0,
24,
8,
0,
0,
89,
0,
40,
0,
22,
0,
52,
