# layer1.conv2 (shape [10, 10, 32]),
34,
0,
0,
11,
0,
29,
7,
51,
0,
21,
58,
19,
43,
37,
33,
19,
0,
26,
14,
0,
21,
37,
13,
0,
0,
0,
0,
0,
0,
31,
9,
7,
2,
13,
27,
11,
0,
49,
6,
29,
0,
15,
6,
0,
0,
41,
27,
17,
0,
25,
5,
18,
60,
68,
0,
32,
16,
26,
0,
0,
0,
9,
0,
0,
18,
0,
17,
3,
0,
37,
14,
45,
5,
23,
19,
9,
0,
43,
39,
9,
0,
24,
18,
7,
46,
55,
0,
20,
6,
0,
0,
0,
0,
15,
0,
0,
20,
3,
21,
1,
0,
43,
14,
40,
5,
24,
17,
10,
0,
38,
37,
8,
0,
28,
14,
16,
51,
55,
0,
25,
11,
0,
0,
0,
0,
12,
0,
0,
16,
2,
23,
0,
0,
39,
17,
44,
5,
27,
14,
11,
1,
38,
41,
6,
0,
33,
18,
15,
48,
46,
0,
31,
5,
0,
4,
0,
0,
10,
0,
0,
23,
0,
22,
0,
0,
39,
18,
38,
4,
28,
15,
4,
0,
40,
44,
6,
0,
30,
17,
16,
48,
48,
0,
28,
11,
0,
5,
0,
0,
9,
0,
0,
15,
0,
27,
0,
9,
43,
18,
39,
4,
23,
20,
3,
0,
46,
46,
8,
0,
31,
24,
21,
46,
51,
0,
35,
9,
0,
5,
0,
0,
12,
0,
0,
20,
0,
21,
4,
9,
42,
15,
45,
2,
18,
26,
0,
2,
48,
48,
13,
0,
27,
24,
18,
42,
53,
0,
25,
0,
0,
0,
0,
0,
16,
0,
0,
17,
0,
14,
3,
1,
40,
11,
45,
0,
14,
27,
0,
0,
47,
42,
14,
0,
27,
17,
11,
41,
56,
0,
22,
2,
0,
0,
0,
0,
16,
0,
0,
29,
13,
31,
0,
13,
52,
12,
18,
5,
18,
3,
7,
0,
61,
39,
9,
0,
21,
11,
30,
52,
61,
0,
21,
54,
34,
5,
0,
0,
21,
38,
0,
0,
0,
18,
10,
0,
0,
7,
49,
12,
53,
46,
19,
30,
24,
42,
8,
10,
0,
14,
0,
2,
0,
29,
0,
0,
0,
0,
25,
6,
2,
0,
5,
0,
0,
79,
5,
24,
0,
18,
2,
24,
50,
24,
0,
0,
3,
44,
0,
49,
0,
0,
39,
47,
0,
0,
20,
34,
33,
8,
0,
0,
0,
0,
0,
0,
0,
59,
0,
26,
0,
26,
38,
33,
55,
25,
0,
0,
12,
55,
0,
30,
0,
18,
33,
27,
0,
0,
0,
33,
0,
17,
0,
0,
0,
0,
0,
0,
0,
63,
0,
24,
0,
26,
33,
33,
52,
36,
0,
0,
10,
52,
0,
33,
0,
18,
30,
27,
0,
1,
0,
27,
0,
18,
0,
0,
0,
0,
0,
0,
0,
67,
0,
24,
0,
30,
36,
31,
59,
28,
0,
0,
15,
57,
0,
30,
0,
20,
31,
31,
0,
3,
1,
27,
0,
21,
0,
0,
0,
0,
0,
0,
0,
60,
0,
24,
0,
27,
33,
30,
56,
36,
0,
0,
10,
55,
0,
31,
0,
22,
28,
27,
0,
4,
0,
27,
0,
19,
0,
0,
0,
0,
0,
0,
0,
60,
0,
27,
0,
25,
28,
26,
45,
40,
0,
0,
16,
54,
0,
29,
0,
17,
28,
30,
0,
4,
0,
23,
0,
17,
0,
0,
0,
0,
0,
0,
0,
51,
0,
24,
0,
20,
37,
20,
43,
39,
0,
0,
15,
58,
0,
30,
0,
14,
26,
24,
0,
3,
0,
12,
0,
10,
0,
0,
1,
0,
0,
0,
0,
47,
2,
17,
0,
15,
40,
18,
42,
40,
0,
0,
19,
55,
0,
27,
0,
8,
21,
24,
0,
0,
0,
17,
0,
6,
0,
0,
0,
0,
0,
19,
0,
58,
0,
34,
22,
15,
8,
16,
29,
22,
0,
0,
39,
55,
0,
0,
17,
3,
36,
42,
22,
0,
5,
73,
33,
10,
0,
2,
26,
34,
0,
9,
3,
34,
13,
15,
6,
20,
50,
24,
49,
43,
21,
29,
20,
36,
16,
0,
0,
30,
2,
33,
0,
30,
0,
0,
0,
9,
6,
0,
4,
0,
0,
0,
0,
85,
6,
36,
23,
29,
18,
30,
40,
28,
4,
0,
14,
33,
0,
25,
0,
17,
44,
78,
8,
0,
0,
26,
50,
20,
0,
0,
0,
0,
0,
0,
0,
62,
0,
38,
23,
35,
37,
39,
41,
24,
0,
0,
14,
37,
0,
10,
0,
31,
40,
68,
9,
4,
0,
23,
19,
28,
0,
0,
1,
0,
0,
0,
0,
54,
0,
38,
19,
35,
33,
36,
44,
28,
9,
0,
17,
33,
0,
10,
0,
36,
35,
57,
1,
13,
0,
19,
14,
29,
0,
0,
0,
0,
0,
0,
0,
61,
2,
43,
28,
34,
33,
34,
37,
29,
0,
0,
19,
34,
0,
13,
0,
38,
35,
55,
4,
20,
0,
13,
12,
26,
0,
0,
0,
0,
0,
0,
0,
60,
1,
40,
21,
33,
39,
35,
32,
31,
0,
0,
17,
35,
0,
11,
0,
37,
30,
53,
13,
20,
0,
8,
8,
25,
0,
0,
1,
0,
0,
0,
0,
62,
0,
31,
20,
32,
42,
38,
34,
26,
9,
0,
10,
30,
0,
12,
0,
29,
24,
59,
16,
12,
0,
18,
14,
22,
0,
0,
0,
0,
0,
0,
0,
55,
2,
33,
16,
32,
40,
36,
46,
23,
3,
0,
12,
40,
0,
14,
0,
32,
34,
56,
4,
5,
0,
16,
13,
23,
0,
0,
8,
0,
0,
0,
0,
48,
7,
38,
11,
29,
47,
31,
38,
34,
5,
0,
11,
34,
0,
23,
0,
25,
27,
48,
1,
12,
0,
6,
0,
16,
0,
0,
8,
0,
0,
21,
0,
48,
0,
43,
40,
22,
17,
23,
22,
22,
2,
0,
42,
42,
0,
0,
0,
18,
41,
57,
30,
0,
0,
56,
30,
16,
0,
0,
34,
24,
0,
12,
9,
43,
13,
21,
9,
22,
46,
27,
55,
42,
20,
47,
20,
37,
18,
0,
0,
32,
10,
42,
0,
34,
0,
0,
0,
13,
7,
0,
6,
0,
0,
0,
0,
89,
7,
41,
28,
28,
14,
29,
45,
33,
0,
0,
14,
37,
0,
28,
0,
24,
53,
88,
13,
0,
0,
26,
45,
22,
0,
0,
0,
0,
0,
0,
0,
68,
0,
41,
21,
34,
42,
38,
43,
28,
0,
0,
14,
40,
0,
16,
0,
34,
36,
68,
15,
10,
0,
28,
12,
27,
0,
0,
0,
0,
0,
0,
0,
61,
1,
41,
20,
35,
45,
37,
39,
15,
0,
0,
13,
30,
0,
15,
0,
36,
31,
60,
13,
6,
0,
25,
23,
27,
0,
0,
0,
0,
0,
0,
0,
54,
4,
45,
18,
35,
38,
31,
42,
33,
2,
0,
16,
36,
0,
14,
0,
34,
34,
56,
0,
10,
0,
12,
11,
25,
0,
0,
1,
0,
0,
0,
0,
55,
0,
34,
19,
28,
41,
27,
38,
36,
0,
8,
19,
35,
0,
22,
0,
31,
30,
60,
0,
12,
0,
6,
0,
22,
0,
0,
0,
0,
0,
0,
0,
69,
0,
19,
21,
24,
39,
28,
50,
27,
0,
0,
16,
39,
0,
22,
0,
28,
31,
68,
2,
3,
0,
22,
19,
23,
0,
0,
0,
0,
0,
0,
0,
59,
0,
32,
14,
31,
46,
32,
47,
21,
0,
0,
13,
49,
0,
26,
0,
29,
36,
64,
0,
2,
0,
17,
12,
26,
0,
0,
0,
0,
0,
0,
0,
44,
2,
34,
5,
29,
52,
27,
48,
37,
5,
0,
11,
41,
0,
28,
0,
28,
19,
44,
0,
12,
0,
10,
0,
19,
0,
0,
1,
0,
0,
22,
0,
46,
0,
40,
34,
21,
19,
20,
25,
21,
2,
0,
44,
46,
0,
0,
4,
16,
38,
51,
23,
0,
0,
61,
30,
17,
0,
0,
31,
26,
0,
8,
7,
38,
15,
23,
7,
18,
45,
19,
53,
54,
14,
44,
25,
36,
20,
0,
0,
33,
7,
38,
0,
35,
0,
0,
0,
9,
7,
0,
2,
0,
0,
0,
11,
84,
11,
38,
25,
23,
21,
24,
44,
36,
0,
0,
10,
31,
0,
30,
0,
14,
46,
89,
14,
0,
0,
17,
54,
16,
0,
0,
0,
0,
0,
0,
0,
66,
0,
33,
27,
30,
45,
33,
48,
31,
0,
0,
18,
41,
0,
17,
0,
29,
41,
78,
12,
1,
0,
20,
23,
24,
0,
0,
2,
0,
0,
0,
0,
53,
0,
37,
22,
31,
47,
31,
45,
26,
0,
0,
15,
34,
0,
20,
0,
27,
36,
67,
6,
7,
0,
23,
11,
24,
0,
0,
0,
0,
0,
0,
0,
51,
3,
36,
20,
30,
40,
24,
39,
25,
2,
0,
22,
36,
0,
11,
0,
28,
25,
58,
3,
4,
0,
14,
11,
21,
0,
0,
0,
0,
0,
0,
0,
65,
3,
30,
17,
31,
29,
29,
42,
46,
0,
3,
16,
36,
0,
15,
0,
32,
29,
57,
1,
15,
0,
6,
11,
22,
0,
0,
0,
0,
0,
0,
0,
69,
0,
29,
25,
27,
35,
30,
49,
40,
0,
0,
17,
37,
0,
10,
0,
33,
36,
71,
14,
5,
0,
18,
24,
22,
0,
0,
0,
0,
0,
0,
0,
57,
0,
38,
24,
32,
53,
32,
42,
27,
0,
0,
14,
39,
0,
18,
0,
31,
33,
65,
11,
4,
0,
13,
12,
24,
0,
0,
0,
0,
0,
0,
0,
44,
0,
22,
17,
28,
55,
30,
46,
35,
3,
0,
21,
33,
0,
16,
0,
25,
22,
50,
6,
12,
0,
21,
5,
19,
0,
0,
2,
0,
0,
24,
0,
51,
0,
43,
40,
28,
17,
29,
28,
22,
5,
0,
39,
44,
0,
0,
1,
21,
49,
56,
26,
0,
3,
63,
35,
21,
0,
0,
27,
27,
0,
6,
10,
36,
18,
19,
5,
18,
48,
22,
56,
47,
23,
54,
17,
34,
20,
0,
0,
30,
5,
37,
0,
35,
0,
0,
0,
8,
7,
0,
11,
0,
0,
0,
3,
76,
8,
31,
16,
21,
20,
28,
54,
24,
0,
0,
13,
29,
0,
34,
0,
10,
46,
86,
10,
0,
0,
28,
53,
15,
0,
0,
0,
0,
0,
0,
0,
55,
1,
40,
21,
28,
48,
33,
54,
29,
0,
0,
17,
41,
0,
18,
0,
28,
39,
71,
4,
0,
0,
16,
19,
21,
0,
0,
0,
0,
0,
0,
0,
54,
0,
35,
22,
28,
41,
26,
40,
33,
0,
0,
15,
37,
0,
20,
0,
25,
25,
59,
0,
11,
0,
11,
5,
19,
0,
0,
1,
0,
0,
0,
0,
62,
3,
35,
22,
28,
43,
22,
43,
21,
0,
0,
24,
39,
0,
18,
0,
31,
30,
58,
9,
5,
0,
14,
11,
20,
0,
0,
0,
0,
0,
0,
2,
63,
6,
38,
13,
25,
38,
25,
45,
39,
2,
0,
16,
34,
0,
20,
0,
32,
22,
59,
7,
12,
0,
3,
13,
18,
0,
0,
0,
0,
0,
0,
0,
58,
5,
32,
14,
23,
43,
31,
44,
29,
0,
0,
14,
34,
0,
20,
0,
27,
29,
70,
10,
4,
0,
14,
24,
17,
0,
0,
2,
0,
0,
0,
0,
49,
0,
35,
19,
31,
44,
35,
42,
21,
0,
0,
15,
33,
0,
21,
0,
27,
35,
62,
5,
4,
0,
18,
15,
22,
0,
0,
4,
0,
0,
0,
0,
51,
0,
28,
26,
31,
41,
36,
39,
35,
6,
0,
17,
35,
0,
15,
0,
28,
30,
53,
0,
10,
0,
23,
13,
22,
0,
0,
0,
0,
0,
23,
0,
60,
0,
53,
43,
34,
20,
33,
25,
30,
0,
0,
42,
50,
0,
0,
0,
28,
53,
59,
18,
0,
1,
56,
28,
27,
0,
0,
23,
27,
0,
0,
2,
34,
16,
17,
0,
19,
57,
24,
67,
44,
20,
46,
17,
37,
18,
3,
0,
31,
3,
35,
0,
34,
0,
0,
0,
8,
9,
0,
2,
0,
0,
0,
0,
80,
9,
36,
22,
21,
14,
27,
47,
26,
4,
0,
7,
32,
2,
35,
0,
10,
43,
80,
8,
0,
0,
29,
53,
15,
0,
0,
0,
0,
0,
0,
0,
61,
4,
39,
16,
36,
51,
40,
46,
26,
0,
0,
10,
37,
0,
27,
0,
26,
44,
69,
0,
4,
0,
11,
18,
24,
0,
0,
2,
0,
0,
0,
0,
49,
1,
37,
14,
30,
44,
27,
48,
33,
0,
0,
19,
35,
0,
17,
0,
26,
30,
54,
0,
14,
0,
7,
1,
21,
0,
0,
0,
0,
0,
0,
0,
53,
4,
35,
17,
26,
30,
23,
35,
41,
0,
0,
13,
34,
0,
23,
0,
23,
29,
53,
0,
12,
0,
7,
8,
16,
0,
0,
1,
0,
0,
0,
0,
49,
4,
35,
8,
26,
40,
27,
44,
33,
2,
0,
11,
30,
0,
25,
0,
25,
29,
51,
8,
11,
0,
14,
16,
17,
0,
0,
3,
0,
0,
0,
0,
49,
0,
36,
12,
26,
44,
29,
49,
24,
1,
0,
17,
33,
0,
25,
0,
27,
29,
55,
0,
1,
0,
21,
19,
19,
0,
0,
0,
0,
0,
0,
0,
55,
0,
37,
17,
30,
39,
30,
39,
32,
0,
0,
17,
36,
0,
21,
0,
28,
30,
53,
0,
9,
0,
16,
9,
21,
0,
0,
0,
0,
0,
0,
7,
63,
0,
37,
20,
30,
34,
35,
43,
34,
3,
0,
17,
37,
0,
13,
0,
31,
35,
61,
4,
6,
0,
22,
22,
24,
0,
0,
0,
0,
0,
31,
0,
53,
0,
56,
41,
33,
20,
32,
26,
28,
0,
0,
40,
49,
0,
0,
0,
27,
58,
67,
26,
0,
4,
58,
30,
29,
0,
0,
25,
26,
0,
0,
3,
34,
16,
19,
5,
18,
50,
24,
54,
45,
20,
42,
17,
32,
19,
0,
0,
30,
2,
35,
0,
36,
0,
0,
0,
8,
7,
0,
2,
0,
0,
0,
0,
71,
8,
37,
22,
23,
17,
27,
45,
27,
0,
0,
16,
32,
0,
23,
0,
14,
45,
80,
10,
0,
0,
25,
59,
15,
0,
0,
0,
0,
0,
0,
0,
53,
0,
46,
16,
31,
38,
32,
42,
30,
0,
0,
21,
46,
0,
17,
0,
30,
33,
55,
0,
12,
0,
11,
5,
21,
0,
0,
0,
0,
0,
0,
0,
47,
8,
35,
8,
26,
38,
23,
33,
28,
0,
0,
20,
37,
0,
22,
0,
31,
16,
46,
0,
18,
0,
7,
1,
17,
0,
0,
1,
0,
0,
0,
0,
57,
6,
34,
12,
26,
33,
25,
30,
37,
0,
0,
22,
37,
0,
22,
0,
27,
22,
52,
6,
10,
0,
13,
16,
15,
0,
0,
5,
0,
0,
0,
0,
54,
2,
24,
14,
25,
30,
29,
37,
25,
0,
0,
19,
32,
0,
26,
0,
24,
26,
53,
2,
4,
0,
15,
14,
16,
0,
0,
0,
0,
0,
0,
0,
58,
2,
30,
14,
28,
30,
33,
41,
25,
0,
0,
18,
36,
0,
20,
0,
26,
29,
57,
1,
1,
0,
22,
13,
20,
0,
0,
0,
0,
0,
0,
3,
63,
0,
35,
23,
34,
23,
38,
37,
30,
3,
0,
13,
37,
0,
11,
0,
28,
32,
60,
6,
10,
0,
17,
17,
26,
0,
0,
0,
0,
0,
0,
0,
62,
0,
39,
20,
33,
35,
42,
44,
32,
2,
0,
10,
32,
0,
16,
0,
36,
42,
61,
7,
12,
0,
21,
21,
26,
0,
0,
0,
0,
0,
31,
0,
54,
0,
57,
42,
33,
28,
34,
26,
27,
0,
0,
38,
46,
0,
0,
0,
30,
56,
61,
29,
0,
0,
57,
28,
28,
0,
0,
25,
27,
0,
13,
7,
25,
14,
18,
3,
15,
47,
21,
53,
44,
17,
38,
21,
32,
21,
0,
0,
25,
5,
40,
0,
32,
0,
0,
0,
6,
8,
0,
9,
0,
0,
0,
0,
66,
7,
44,
25,
20,
17,
19,
35,
21,
0,
0,
15,
29,
3,
27,
0,
10,
43,
76,
7,
0,
0,
23,
49,
14,
0,
0,
0,
0,
0,
0,
0,
52,
2,
38,
22,
27,
43,
23,
27,
34,
0,
0,
21,
43,
0,
5,
0,
29,
30,
57,
1,
12,
0,
0,
4,
19,
0,
0,
3,
0,
0,
0,
0,
44,
1,
28,
17,
20,
41,
18,
33,
35,
0,
0,
23,
37,
0,
17,
0,
21,
26,
49,
9,
14,
0,
9,
4,
14,
0,
0,
0,
0,
0,
0,
0,
53,
2,
27,
23,
21,
38,
20,
32,
27,
0,
0,
16,
31,
0,
19,
0,
19,
22,
54,
6,
0,
0,
19,
15,
16,
0,
0,
0,
0,
0,
0,
0,
69,
0,
25,
24,
27,
35,
23,
38,
21,
0,
0,
19,
37,
0,
18,
0,
26,
28,
59,
0,
1,
0,
18,
20,
23,
0,
0,
0,
0,
0,
0,
0,
75,
0,
37,
27,
32,
39,
28,
38,
37,
0,
0,
17,
44,
0,
13,
0,
36,
38,
62,
6,
10,
0,
17,
11,
27,
0,
0,
0,
0,
0,
0,
0,
70,
0,
42,
18,
33,
37,
34,
38,
35,
0,
0,
12,
40,
0,
13,
0,
39,
37,
60,
8,
14,
0,
17,
20,
27,
0,
0,
0,
0,
0,
0,
0,
52,
1,
43,
20,
27,
43,
33,
39,
38,
0,
0,
21,
39,
0,
10,
0,
32,
36,
64,
6,
4,
0,
16,
20,
21,
0,
0,
0,
0,
0,
30,
0,
42,
0,
52,
43,
26,
27,
25,
16,
32,
1,
0,
44,
41,
0,
0,
0,
23,
44,
58,
25,
0,
0,
53,
21,
21,
0,
0,
25,
32,
0,
8,
7,
20,
16,
34,
0,
32,
42,
51,
64,
14,
47,
13,
16,
28,
23,
0,
0,
32,
22,
22,
0,
21,
0,
15,
0,
10,
29,
19,
36,
3,
10,
0,
0,
48,
19,
74,
0,
41,
19,
60,
47,
22,
28,
0,
5,
17,
14,
16,
0,
26,
50,
49,
0,
0,
18,
27,
24,
15,
0,
11,
45,
0,
0,
0,
0,
32,
13,
62,
0,
41,
37,
56,
46,
17,
22,
16,
11,
24,
8,
0,
0,
34,
31,
32,
0,
10,
0,
12,
0,
14,
0,
5,
47,
0,
0,
0,
0,
32,
14,
56,
0,
35,
35,
55,
41,
12,
29,
4,
12,
20,
10,
8,
0,
29,
26,
26,
0,
11,
0,
21,
0,
10,
0,
11,
47,
0,
0,
0,
11,
45,
15,
59,
0,
41,
25,
61,
49,
20,
28,
9,
6,
15,
10,
6,
0,
31,
37,
34,
0,
8,
0,
26,
13,
17,
0,
4,
43,
0,
0,
0,
15,
48,
15,
64,
3,
44,
21,
59,
55,
15,
27,
9,
11,
17,
8,
2,
0,
38,
38,
38,
0,
9,
0,
25,
19,
19,
0,
6,
41,
0,
0,
0,
0,
51,
16,
79,
11,
45,
29,
64,
49,
26,
28,
19,
7,
21,
5,
2,
0,
45,
47,
43,
4,
16,
0,
19,
14,
21,
0,
5,
51,
0,
0,
0,
0,
46,
11,
75,
9,
45,
36,
65,
43,
19,
25,
5,
12,
21,
6,
0,
0,
40,
45,
46,
3,
16,
0,
24,
10,
21,
0,
1,
51,
0,
0,
0,
0,
37,
14,
70,
10,
41,
47,
61,
44,
17,
30,
3,
7,
20,
12,
0,
0,
35,
42,
42,
1,
4,
0,
24,
4,
17,
0,
0,
51,
0,
0,
22,
0,
35,
0,
64,
34,
37,
25,
46,
28,
22,
29,
0,
38,
33,
0,
0,
13,
31,
50,
44,
8,
0,
0,
52,
4,
21,
0,
12,
53,
51,
20,
