# Input data (16,1,128)
0.369385
0.249878
0.279297
0.890137
0.023193
0.073425
0.538574
0.037628
0.309814
0.062988
0.407227
0.613770
0.539551
0.012634
0.522949
0.515625
0.032074
0.705078
0.001782
0.317383
0.991211
0.014099
0.119568
0.523438
0.372070
0.971191
0.842773
0.211914
0.082886
0.724121
0.061584
0.644043
0.948242
0.186646
0.698730
0.590332
0.346191
0.634766
0.857910
0.860352
0.891602
0.939941
0.868164
0.805176
0.935547
0.526855
0.987305
0.717773
0.921875
0.174927
0.753418
0.983887
0.947754
0.549316
0.192383
0.527344
0.725098
0.402344
0.015198
0.070557
0.049408
0.794434
0.370117
0.765625
0.801758
0.326660
0.838867
0.428223
0.889160
0.075012
0.608398
0.143066
0.147827
0.833984
0.965820
0.829590
0.599121
0.377441
0.261963
0.936523
0.458252
0.162109
0.823730
0.950195
0.432129
0.285889
0.608398
0.668457
0.279053
0.169434
0.998535
0.612793
0.243652
0.450439
0.801270
0.348633
0.541016
0.889160
0.690430
0.672363
0.509766
0.643555
0.025009
0.342285
0.687012
0.394287
0.779785
0.695312
0.072449
0.901855
0.830078
0.820312
0.114197
0.293213
0.736328
0.380859
0.238403
0.688477
0.819336
0.124878
0.778320
0.213989
0.299316
0.335938
0.412109
0.145874
0.690430
0.563965
0.144165
0.505859
0.492676
0.616699
0.986328
0.930176
0.260254
0.555664
0.848633
0.711914
0.012367
0.484619
0.827637
0.261475
0.213989
0.304932
0.103943
0.769531
0.624512
0.510254
0.130981
0.126953
0.206909
0.643555
0.936523
0.631836
0.640137
0.912109
0.572266
0.109253
0.889648
0.843262
0.566406
0.826172
0.082825
0.065552
0.680176
0.318359
0.361084
0.249390
0.812500
0.544434
0.240356
0.702148
0.180298
0.102356
0.660645
0.058502
0.313721
0.191528
0.350830
0.765137
0.300049
0.486572
0.529297
0.834961
0.747070
0.847168
0.640625
0.384277
0.885742
0.893555
0.869141
0.586426
0.413574
0.674805
0.963867
0.386475
0.684570
0.686523
0.445312
0.611328
0.797363
0.160034
0.820312
0.392090
0.123535
0.423340
0.483643
0.142090
0.111938
0.104248
0.874512
0.670898
0.059174
0.701660
0.683594
0.294434
0.613770
0.331543
0.854492
0.697754
0.085449
0.389404
0.880859
0.192505
0.998535
0.929688
0.086487
0.110535
0.593750
0.321777
0.768066
0.522461
0.439941
0.581543
0.423340
0.447266
0.739746
0.807129
0.677734
0.556641
0.790039
0.356445
0.781738
0.562500
0.954102
0.345215
0.257812
0.781250
0.780273
0.351807
0.267090
0.399658
0.970703
0.728516
0.535645
0.776367
0.241699
0.756836
0.673828
0.219849
0.753906
0.650879
0.024567
0.179077
0.573242
0.009575
0.279785
0.867188
0.534180
0.217773
0.270508
0.531738
0.233032
0.906250
0.980469
0.871582
0.182129
0.151123
0.167358
0.833496
0.814453
0.055939
0.362061
0.589844
0.030594
0.064453
0.129761
0.811523
0.381348
0.588867
0.678711
0.359619
0.979492
0.786133
0.322754
0.520508
0.663574
0.433838
0.635742
0.824707
0.397705
0.307861
0.326416
0.041138
0.469238
0.343506
0.394775
0.383545
0.407471
0.601074
0.355225
0.411621
0.022034
0.259277
0.653809
0.673340
0.551270
0.781738
0.959473
0.940918
0.365967
0.208008
0.834961
0.119080
0.502930
0.837891
0.913086
0.076965
0.059723
0.518555
0.423584
0.992188
0.677246
0.142456
0.068481
0.152222
0.437256
0.129517
0.133667
0.233276
0.599609
0.366943
0.335938
0.305664
0.223022
0.026398
0.985352
0.824707
0.437500
0.014008
0.807617
0.893066
0.315674
0.072754
0.352295
0.074280
0.621094
0.952637
0.294678
0.407959
0.211548
0.703125
0.414795
0.492676
0.669434
0.581543
0.161987
0.092102
0.933105
0.233398
0.566406
0.460205
0.843262
0.201050
0.587402
0.998047
0.065674
0.233398
0.404297
0.628906
0.089355
0.189575
0.175049
0.164185
0.645508
0.222656
0.198608
0.813477
0.350342
0.916016
0.959473
0.039581
0.468262
0.617676
0.331787
0.052094
0.725586
0.081177
0.867188
0.154419
0.028595
0.696777
0.285889
0.866211
0.350342
0.561035
0.548828
0.921387
0.791504
0.844238
0.101990
0.877441
0.885742
0.058868
0.676758
0.174683
0.739746
0.282227
0.523926
0.328125
0.412842
0.503418
0.734375
0.183472
0.124939
0.798340
0.386719
0.826660
0.967773
0.113098
0.013977
0.622070
0.772461
0.367676
0.657715
0.646973
0.596191
0.703613
0.475098
0.862305
0.740723
0.352783
0.182129
0.440918
0.796387
0.034851
0.377441
0.544434
0.324707
0.041321
0.090393
0.239136
0.185059
0.160156
0.395996
0.957031
0.215332
0.466309
0.788086
0.192261
0.717285
0.198120
0.234375
0.324463
0.445312
0.424316
0.017746
0.956055
0.036957
0.399902
0.452393
0.948730
0.650391
0.455078
0.159668
0.018753
0.309326
0.289062
0.942871
0.600586
0.679688
0.943359
0.922852
0.038544
0.780273
0.138062
0.904297
0.654785
0.078369
0.950684
0.277100
0.076538
0.773438
0.750488
0.361816
0.559082
0.386230
0.247314
0.758301
0.902344
0.245728
0.837402
0.033295
0.145630
0.640137
0.463135
0.317139
0.228271
0.378906
0.385498
0.769043
0.586914
0.528809
0.494385
0.250244
0.631836
0.418213
0.904297
0.476074
0.713867
0.954590
0.597656
0.056854
0.933594
0.917969
0.811523
0.717285
0.257568
0.442383
0.163086
0.271973
0.610840
0.748535
0.068726
0.675781
0.729980
0.260742
0.919434
0.482666
0.554199
0.375000
0.581055
0.106995
0.537109
0.379395
0.902344
0.094421
0.844727
0.015373
0.955078
0.353027
0.607910
0.687012
0.909668
0.100769
0.799316
0.761230
0.320312
0.155640
0.557129
0.579102
0.035522
0.606445
0.691895
0.462891
0.506836
0.121033
0.253174
0.398193
0.079224
0.953125
0.049774
0.564941
0.156494
0.476562
0.412109
0.238281
0.460205
0.560547
0.629883
0.936523
0.182373
0.956055
0.712891
0.692383
0.707520
0.478760
0.489502
0.672363
0.623047
0.260986
0.730957
0.272461
0.309326
0.945312
0.201050
0.898926
0.952637
0.543945
0.488281
0.846680
0.666016
0.183350
0.190308
0.876953
0.391846
0.002552
0.634766
0.634277
0.870117
0.681152
0.071960
0.567383
0.482178
0.229858
0.586914
0.577148
0.100159
0.053253
0.078125
0.674316
0.292236
0.135132
0.494629
0.271973
0.627930
0.269775
0.455811
0.973145
0.800293
0.715820
0.867188
0.181396
0.814941
0.345215
0.340576
0.804199
0.644531
0.892090
0.274170
0.465332
0.084167
0.855957
0.877930
0.211548
0.453857
0.351318
0.239990
0.210938
0.851074
0.741211
0.234131
0.257324
0.326660
0.881836
0.091309
0.224243
0.272217
0.549316
0.736328
0.627930
0.236450
0.418457
0.275146
0.277832
0.179443
0.520020
0.108582
0.718262
0.424316
0.011116
0.782227
0.354492
0.567871
0.097351
0.962891
0.484131
0.723145
0.715820
0.839355
0.573242
0.972168
0.075745
0.316406
0.583496
0.961426
0.901855
0.472168
0.614746
0.837891
0.707031
0.831055
0.580078
0.299561
0.762695
0.525879
0.620605
0.597168
0.694336
0.405029
0.503418
0.179321
0.834961
0.488525
0.240356
0.233765
0.779785
0.739258
0.495850
0.517578
0.704102
0.715820
0.459717
0.399658
0.586914
0.275879
0.053314
0.144653
0.427002
0.505859
0.056244
0.203369
0.148193
0.799316
0.526855
0.664551
0.180664
0.767578
0.266602
0.258057
0.272705
0.008026
0.320557
0.679199
0.566406
0.569336
0.413818
0.675781
0.959473
0.925781
0.485107
0.218506
0.558594
0.760742
0.587891
0.275635
0.523926
0.478760
0.024719
0.647949
0.050598
0.401611
0.824707
0.822754
0.300781
0.048462
0.138916
0.042145
0.550293
0.024292
0.044342
0.605957
0.755371
0.624512
0.010254
0.237427
0.683594
0.230835
0.085754
0.075562
0.829102
0.850098
0.597656
0.217285
0.270020
0.555176
0.460205
0.781250
0.635254
0.229004
0.180664
0.141724
0.152588
0.843262
0.278809
0.332764
0.039062
0.892578
0.528809
0.430420
0.184326
0.802734
0.893066
0.225586
0.768066
0.991699
0.623535
0.450928
0.229370
0.244385
0.859863
0.668457
0.318848
0.049286
0.535156
0.006924
0.419189
0.197632
0.936523
0.050110
0.521973
0.800293
0.624023
0.801270
0.942383
0.937012
0.874023
0.640137
0.099365
0.082275
0.177490
0.015762
0.727051
0.862793
0.346191
0.970215
0.034851
0.604492
0.019592
0.510742
1.000000
0.850586
0.018127
0.653320
0.284180
0.732910
0.256348
0.530762
0.413330
0.534668
0.677734
0.498047
0.459961
0.410400
0.575684
0.201172
0.463379
0.434326
0.555664
0.446289
0.242188
0.448486
0.327637
0.494629
0.585449
0.094971
0.081604
0.312988
0.479980
0.210571
0.942871
0.402832
0.854980
0.240723
0.261719
0.884766
0.965820
0.421143
0.874023
0.677734
0.075195
0.882324
0.883789
0.900391
0.306641
0.785156
0.890137
0.585449
0.959473
0.614746
0.643066
0.659668
0.428223
0.249146
0.078003
0.591309
0.568848
0.881836
0.373535
0.260498
0.283691
0.502930
0.052551
0.780762
0.459717
0.615234
0.634766
0.694336
0.515137
0.441406
0.620117
0.860352
0.749512
0.139282
0.195312
0.743164
0.634277
0.008141
0.892090
0.410645
0.544922
0.168945
0.964355
0.056946
0.373779
0.523438
0.273193
0.263428
0.120789
0.756836
0.217163
0.442383
0.766602
0.505859
0.569824
0.352295
0.189087
0.060974
0.725586
0.584961
0.023956
0.080566
0.262695
0.490723
0.708496
0.431396
0.546387
0.870605
0.336914
0.973633
0.945312
0.365723
0.685059
0.130737
0.119324
0.230103
0.999512
0.007278
0.567871
0.472168
0.744141
0.541504
0.148926
0.982422
0.840820
0.299561
0.019287
0.435059
0.188843
0.567383
0.374756
0.256348
0.534180
0.404053
0.423584
0.679688
0.088684
0.637207
0.234009
0.019211
0.759766
0.022659
0.423828
0.860840
0.101624
0.513672
0.673340
0.034424
0.312988
0.713867
0.047699
0.085876
0.164917
0.292480
0.028488
0.689453
0.574219
0.588867
0.086670
0.285400
0.640137
0.852539
0.292480
0.289551
0.558594
0.298584
0.494141
0.748047
0.411865
0.251221
0.202515
0.186279
0.722168
0.654297
0.535645
0.220825
0.295166
0.746094
0.690918
0.435059
0.811035
0.619141
0.449219
0.102966
0.097717
0.275391
0.286377
0.637695
0.095520
0.822754
0.040771
0.238281
0.133179
0.304688
0.754395
0.579590
0.646484
0.905762
0.008057
0.373779
0.631836
0.409912
0.311768
0.143311
0.559082
0.284180
0.471924
0.835938
0.984375
0.960449
0.230591
0.727539
0.829102
0.818359
0.320801
0.773438
0.894043
0.029816
0.026001
0.927734
0.608887
0.746094
0.397461
0.551270
0.163696
0.256348
0.315430
0.355469
0.097534
0.007450
0.786621
0.557129
0.226440
0.621094
0.442627
0.336182
0.500977
0.796387
0.543945
0.923828
0.175659
0.754395
0.469482
0.401611
0.105469
0.380859
0.330811
0.638672
0.632324
0.748535
0.481934
0.664062
0.021774
0.465332
0.203735
0.648926
0.575684
0.568359
0.202026
0.067505
0.222168
0.517578
0.516113
0.342285
0.005833
0.915039
0.479492
0.275879
0.464355
0.779297
0.825684
0.647949
0.918945
0.771484
0.710938
0.111511
0.416016
0.842285
0.525391
0.817871
0.162964
0.661133
0.966309
0.492188
0.902344
0.727539
0.107239
0.904297
0.620605
0.837402
0.331543
0.192871
0.878418
0.756836
0.016602
0.030212
0.648438
0.857910
0.542969
0.619629
0.171997
0.745605
0.385254
0.138550
0.705078
0.143433
0.416016
0.066895
0.436768
0.829102
0.768555
0.147461
0.764648
0.607422
0.335205
0.907715
0.396973
0.548340
0.535156
0.642090
0.465576
0.936035
0.775879
0.726562
0.669922
0.857422
0.436279
0.077515
0.393555
0.018219
0.851562
0.965820
0.863770
0.567383
0.241211
0.577637
0.883301
0.046844
0.604004
0.779297
0.002924
0.205322
0.433838
0.935547
0.289307
0.688477
0.791504
0.220825
0.882324
0.315918
0.956543
0.723145
0.117004
0.911133
0.168213
0.686523
0.717285
0.943848
0.043549
0.162231
0.036072
0.175781
0.340576
0.338867
0.294434
0.644531
0.570312
0.260498
0.200562
0.503906
0.226318
0.338867
0.284424
0.505371
0.820801
0.215088
0.343750
0.467773
0.562012
0.950195
0.999512
0.678711
0.211792
0.553223
0.545898
0.146729
0.670898
0.467285
0.026474
0.511719
0.632812
0.908203
0.002514
0.519043
0.560059
0.445557
0.831543
0.153564
0.311279
0.777832
0.888184
0.427734
0.692383
0.716309
0.664551
0.230713
0.668945
0.655273
0.463135
0.754883
0.074402
0.002344
0.183716
0.761230
0.443359
0.863770
0.939941
0.169678
0.583984
0.048401
0.385742
0.141968
0.185913
0.716797
0.720703
0.839844
0.832520
0.818359
0.584473
0.494385
0.389648
0.434814
0.209106
0.266113
0.366455
0.441895
0.883789
0.712402
0.057251
0.873535
0.661621
0.978027
0.258301
0.181763
0.923340
0.626953
0.475586
0.043365
0.469727
0.358643
0.881348
0.688477
0.017883
0.125244
0.968262
0.065186
0.985352
0.917969
0.248657
0.487549
0.660156
0.982422
0.780273
0.106384
0.570801
0.249390
0.069946
0.021591
0.317139
0.428955
0.460938
0.237915
0.684570
0.759277
0.573730
0.607910
0.889160
0.661133
0.707520
0.008942
0.395020
0.378906
0.865234
0.138184
0.904297
0.571289
0.161133
0.621094
0.782227
0.457031
0.352295
0.857422
0.095032
0.031281
0.284424
0.164062
0.153442
0.905762
0.590332
0.065918
0.709473
0.036743
0.016022
0.591309
0.537109
0.165894
0.826660
0.126709
0.592285
0.316895
0.608398
0.084229
0.846680
0.744629
0.017944
0.173828
0.410400
0.625488
0.758789
0.104126
0.642090
0.412842
0.676758
0.050720
0.267578
0.431885
0.431641
0.170410
0.530273
0.361328
0.450684
0.528809
0.683105
0.159302
0.713867
0.132324
0.155884
0.048492
0.107056
0.791992
0.873535
0.306152
0.433838
0.136841
0.396729
0.852051
0.586914
0.645020
0.348877
0.440430
0.058105
0.417480
0.391357
0.120544
0.028198
0.665039
0.992188
0.077393
0.173218
0.275879
0.783203
0.931641
0.006355
0.612305
0.814453
0.898438
0.717773
0.310059
0.197754
0.711914
0.080383
0.753906
0.328857
0.496826
0.046295
0.429199
0.075012
0.585938
0.993652
0.842285
0.598633
0.157471
0.252686
0.878906
0.788086
0.083618
0.861816
0.514160
0.007153
0.496338
0.779785
0.506836
0.392822
0.083862
0.995605
0.290771
0.152832
0.562012
0.469482
0.557617
0.166504
0.093445
0.024139
0.656250
0.560547
0.327881
0.699219
0.322021
0.947266
0.736328
0.865723
0.572266
0.175903
0.728516
0.109680
0.363525
0.163208
0.604004
0.528320
0.001184
0.111633
0.696289
0.391113
0.564453
0.408936
0.564453
0.119629
0.248169
0.686035
0.073669
0.696289
0.500977
0.846191
0.329834
0.715332
0.918945
0.951660
0.231445
0.092041
0.076843
0.457520
0.291016
0.291260
0.726562
0.892578
0.242798
0.129517
0.124634
0.540039
0.421631
0.611328
0.969727
0.710938
0.817383
0.008820
0.787109
0.240967
0.272949
0.693359
0.637207
0.754883
0.264893
0.797852
0.875488
0.243652
0.652832
0.693848
0.682617
0.653809
0.213867
0.406250
0.701660
0.130005
0.319824
0.488525
0.613281
0.859863
0.739258
0.458740
0.807129
0.788086
0.308594
0.223389
0.006523
0.152222
0.439941
0.790527
0.603027
0.980957
0.087219
0.300049
0.306152
0.711426
0.363037
0.782715
0.982910
0.188599
0.854980
0.475342
0.423340
0.392334
0.012802
0.160889
0.695801
0.482422
0.197144
0.124878
0.962402
0.170288
0.052399
0.627441
0.896973
0.774414
0.890625
1.000000
0.716309
0.213379
0.440918
0.200317
0.476562
0.383789
0.903320
0.921875
0.635742
0.067078
0.607910
0.318848
0.092712
0.982910
0.219849
0.240479
0.606934
0.649414
0.077698
0.117065
0.117554
0.088867
0.369385
0.732422
0.694824
0.208252
0.539062
0.694336
0.208008
0.429199
0.173340
0.814453
0.413818
0.845703
0.521484
0.474365
0.322266
0.540039
0.476074
0.509277
0.098511
0.136719
0.995605
0.280029
0.654785
0.672363
0.406738
0.994141
0.605469
0.257324
0.266357
0.671387
0.269531
0.377930
0.051971
0.977051
0.021835
0.228760
0.597168
0.889160
1.000000
0.450439
0.747559
0.916504
0.933594
0.027008
0.691406
0.402100
0.048523
0.098755
0.267822
0.762207
0.916992
0.035492
0.060638
0.247314
0.488770
0.390625
0.489502
0.320068
0.483154
0.576660
0.647949
0.115356
0.699707
0.206787
0.501953
0.593750
0.977051
0.044098
0.953613
0.213623
0.983887
0.068298
0.024155
0.637207
0.552246
0.260498
0.854004
0.319092
0.782227
0.303223
0.445557
0.398682
0.477295
0.707031
0.723633
0.364014
0.640137
0.913574
0.332275
0.594238
0.609863
0.372559
0.696777
0.012611
0.147705
0.678223
0.858887
0.822754
0.724609
0.609863
0.389404
0.575684
0.967285
0.855469
0.307861
0.536621
0.095764
0.244019
0.334473
0.753906
0.522949
0.937500
0.850098
0.673340
0.697266
0.665039
0.637207
0.831055
0.961426
0.506348
0.923340
0.485840
0.116394
0.269775
0.575195
0.428467
0.188965
0.853027
0.876953
0.996094
0.063782
0.448730
0.130493
0.047333
0.357910
0.647949
0.900879
0.812500
0.759766
0.623535
0.720215
0.316406
0.674805
0.160645
0.462646
0.516113
0.693848
0.301270
0.069092
0.795898
0.003611
0.163574
0.455322
0.130981
0.268799
0.797363
0.401855
0.222778
0.425049
0.356201
0.609375
0.670898
0.512695
0.069641
0.863770
0.184082
0.818848
0.417236
0.476318
0.092407
0.547852
0.713379
0.042633
0.157959
0.171875
0.176392
0.604004
0.148071
0.004799
0.551270
0.760742
0.922363
0.319580
0.719238
0.084717
0.420166
0.821289
0.091675
0.014565
0.669434
0.855957
0.990234
0.183472
0.563477
0.923828
0.840332
0.616211
0.499268
0.005905
0.503418
0.884766
0.393311
0.804688
0.362549
0.431641
0.609375
0.351807
0.269775
0.361572
0.402344
0.374268
0.801270
0.601562
0.062286
0.758789
0.529785
0.230469
0.896484
0.848145
0.692383
0.216675
0.903320
0.500000
0.818359
0.175049
0.458252
0.875488
0.253418
0.814941
0.984863
0.185913
0.624023
0.651367
0.986816
0.300537
0.014626
0.185669
0.865723
0.466797
0.069519
0.280762
0.287598
0.366943
0.176025
0.386719
0.912109
0.591797
0.931641
0.629883
0.402588
0.683105
0.205078
0.880859
0.520996
0.463135
0.017700
0.331543
0.910645
0.755371
0.573730
0.540039
0.492188
0.199219
0.329102
0.992188
0.154175
0.153076
0.960449
0.632324
0.411133
0.633301
0.363770
0.154419
0.952637
0.057220
0.536621
0.017319
0.795898
0.819824
0.508789
0.484619
0.727051
0.070557
0.716309
0.550781
0.540039
0.829590
0.144165
0.204224
0.702148
0.522949
0.903320
0.753906
0.419678
0.886719
0.427979
0.039795
0.964844
0.114075
0.333984
0.727539
0.460449
0.065247
0.911133
0.221313
0.150024
0.193970
0.513672
0.489258
0.572754
0.711914
0.889648
0.892578
0.590332
0.007065
0.522949
0.881348
0.592773
0.007656
0.402100
0.680176
0.822266
0.625488
0.456787
0.029633
0.228760
0.044281
0.468018
0.762695
0.292969
0.346924
0.459717
0.388184
0.652344
0.701660
0.475830
0.581055
0.363525
0.392822
0.116394
0.859863
0.690918
0.271484
0.259521
0.779297
0.262207
0.525879
0.334473
0.333496
0.973633
0.985352
0.971680
0.152222
0.081726
0.152466
0.819336
0.717285
0.345703
0.216797
0.750977
0.515625
0.104065
0.915527
0.630859
0.680664
0.459717
0.259277
0.427002
0.963867
0.646973
0.869141
0.547852
0.912109
0.204712
0.677734
0.726074
0.121277
0.612793
0.976562
0.794922
0.435547
0.113464
0.520996
0.966309
0.781250
0.801758
0.016632
0.296875
0.831543
0.313965
0.430664
0.608887
0.860352
0.183838
0.623535
0.362549
0.391357
0.128906
0.802734
0.503418
0.225586
0.543945
0.637207
0.260498
0.195923
0.412109
0.677246
0.427979
0.051575
0.581055
0.817871
0.274902
0.155151
0.011406
0.170410
0.153809
0.930176
0.126831
0.710449
0.470459
0.277100
0.033356
0.104431
0.966309
0.651367
0.365479
0.140503
0.823242
0.304443
0.006702
0.552734
0.396729
0.331787
0.682129
0.855469
0.013916
0.148193
0.133545
0.674805
0.865234
0.244141
0.907227
0.260742
0.915527
0.970215
0.801270
0.081482
0.545898
0.404053
0.052124
0.784180
0.581543
0.722656
0.763672
0.859375
0.523438
0.885742
0.044220
0.527832
0.251465
0.211670
0.920410
0.058685
0.272217
0.361328
0.324707
0.166992
0.490967
0.104309
0.591309
0.938965
0.270752
0.341553
0.190674
0.721191
0.414062
0.271484
0.237183
0.402344
0.570312
0.593750
